0.000000e+00 1.059739e-01
1.000000e+00 -2.355637e-03
2.000000e+00 8.031006e-04
3.000000e+00 3.552168e-03
4.000000e+00 5.702474e-03
5.000000e+00 7.109371e-03
6.000000e+00 7.679370e-03
7.000000e+00 7.374017e-03
8.000000e+00 6.210858e-03
9.000000e+00 4.261487e-03
1.000000e+01 1.646882e-03
1.100000e+01 -1.469719e-03
1.200000e+01 -4.892015e-03
1.300000e+01 -8.401414e-03
1.400000e+01 -1.176889e-02
1.500000e+01 -1.476730e-02
1.600000e+01 -1.718365e-02
1.700000e+01 -1.883067e-02
1.800000e+01 -1.955714e-02
1.900000e+01 -1.925663e-02
2.000000e+01 -1.787404e-02
2.100000e+01 -1.540978e-02
2.200000e+01 -1.192130e-02
2.300000e+01 -7.521964e-03
2.400000e+01 -2.377125e-03
2.500000e+01 3.302240e-03
2.600000e+01 9.268295e-03
2.700000e+01 1.524700e-02
2.800000e+01 2.095029e-02
2.900000e+01 2.608929e-02
3.000000e+01 3.038788e-02
3.100000e+01 3.359614e-02
3.200000e+01 3.550302e-02
3.300000e+01 3.594765e-02
3.400000e+01 3.482878e-02
3.500000e+01 3.211178e-02
3.600000e+01 2.783300e-02
3.700000e+01 2.210104e-02
3.800000e+01 1.509490e-02
3.900000e+01 7.058825e-03
4.000000e+01 -1.705794e-03
4.100000e+01 -1.085145e-02
4.200000e+01 -1.999795e-02
4.300000e+01 -2.874788e-02
4.400000e+01 -3.670328e-02
4.500000e+01 -4.348317e-02
4.600000e+01 -4.874087e-02
4.700000e+01 -5.218063e-02
4.800000e+01 -5.357258e-02
4.900000e+01 -5.276546e-02
5.000000e+01 -4.969649e-02
5.100000e+01 -4.439767e-02
5.200000e+01 -3.699830e-02
5.300000e+01 -2.772335e-02
5.400000e+01 -1.688764e-02
5.500000e+01 -4.885865e-03
5.600000e+01 7.821194e-03
5.700000e+01 2.072387e-02
5.800000e+01 3.328361e-02
5.900000e+01 4.495498e-02
6.000000e+01 5.520884e-02
6.100000e+01 6.355568e-02
6.200000e+01 6.956820e-02
6.300000e+01 7.290198e-02
6.400000e+01 7.331346e-02
6.500000e+01 7.067417e-02
6.600000e+01 6.498054e-02
6.700000e+01 5.635877e-02
6.800000e+01 4.506414e-02
6.900000e+01 3.147490e-02
7.000000e+01 1.608052e-02
7.100000e+01 -5.352458e-04
7.200000e+01 -1.771596e-02
7.300000e+01 -3.475796e-02
7.400000e+01 -5.093883e-02
7.500000e+01 -6.554762e-02
7.600000e+01 -7.791560e-02
7.700000e+01 -8.744633e-02
7.800000e+01 -9.364356e-02
7.900000e+01 -9.613577e-02
8.000000e+01 -9.469627e-02
8.100000e+01 -8.925753e-02
8.200000e+01 -7.991941e-02
8.300000e+01 -6.695004e-02
8.400000e+01 -5.078004e-02
8.500000e+01 -3.198912e-02
8.600000e+01 -1.128596e-02
8.700000e+01 1.051790e-02
8.800000e+01 3.253962e-02
8.900000e+01 5.386052e-02
9.000000e+01 7.356416e-02
9.100000e+01 9.077551e-02
9.200000e+01 1.046995e-01
9.300000e+01 1.146571e-01
9.400000e+01 1.201176e-01
9.500000e+01 1.207257e-01
9.600000e+01 1.163212e-01
9.700000e+01 1.069511e-01
9.800000e+01 9.287407e-02
9.900000e+01 7.455409e-02
1.000000e+02 5.264704e-02
1.010000e+02 2.797741e-02
1.020000e+02 1.507819e-03
1.030000e+02 -2.569841e-02
1.040000e+02 -5.251994e-02
1.050000e+02 -7.782354e-02
1.060000e+02 -1.005120e-01
1.070000e+02 -1.195717e-01
1.080000e+02 -1.341173e-01
1.090000e+02 -1.434331e-01
1.100000e+02 -1.470067e-01
1.110000e+02 -1.445559e-01
1.120000e+02 -1.360458e-01
1.130000e+02 -1.216958e-01
1.140000e+02 -1.019762e-01
1.150000e+02 -7.759374e-02
1.160000e+02 -4.946640e-02
1.170000e+02 -1.868953e-02
1.180000e+02 1.350709e-02
1.190000e+02 4.580846e-02
1.200000e+02 7.686828e-02
1.210000e+02 1.053653e-01
1.220000e+02 1.300597e-01
1.230000e+02 1.498473e-01
1.240000e+02 1.638085e-01
1.250000e+02 1.712508e-01
1.260000e+02 1.717429e-01
1.270000e+02 1.651365e-01
1.280000e+02 1.515788e-01
1.290000e+02 1.315111e-01
1.300000e+02 1.056553e-01
1.310000e+02 7.498812e-02
1.320000e+02 4.070471e-02
1.330000e+02 4.171340e-03
1.340000e+02 -3.312908e-02
1.350000e+02 -6.965780e-02
1.360000e+02 -1.038841e-01
1.370000e+02 -1.343499e-01
1.380000e+02 -1.597323e-01
1.390000e+02 -1.789013e-01
1.400000e+02 -1.909701e-01
1.410000e+02 -1.953361e-01
1.420000e+02 -1.917099e-01
1.430000e+02 -1.801322e-01
1.440000e+02 -1.609760e-01
1.450000e+02 -1.349360e-01
1.460000e+02 -1.030030e-01
1.470000e+02 -6.642630e-02
1.480000e+02 -2.666430e-02
1.490000e+02 1.467404e-02
1.500000e+02 5.589507e-02
1.510000e+02 9.529047e-02
1.520000e+02 1.312088e-01
1.530000e+02 1.621254e-01
1.540000e+02 1.867074e-01
1.550000e+02 2.038720e-01
1.560000e+02 2.128341e-01
1.570000e+02 2.131423e-01
1.580000e+02 2.047008e-01
1.590000e+02 1.877770e-01
1.600000e+02 1.629934e-01
1.610000e+02 1.313047e-01
1.620000e+02 9.396094e-02
1.630000e+02 5.245734e-02
1.640000e+02 8.473888e-03
1.650000e+02 -3.619345e-02
1.660000e+02 -7.970690e-02
1.670000e+02 -1.202634e-01
1.680000e+02 -1.561704e-01
1.690000e+02 -1.859167e-01
1.700000e+02 -2.082372e-01
1.710000e+02 -2.221671e-01
1.720000e+02 -2.270841e-01
1.730000e+02 -2.227357e-01
1.740000e+02 -2.092524e-01
1.750000e+02 -1.871437e-01
1.760000e+02 -1.572790e-01
1.770000e+02 -1.208528e-01
1.780000e+02 -7.933640e-02
1.790000e+02 -3.441764e-02
1.800000e+02 1.206853e-02
1.810000e+02 5.821609e-02
1.820000e+02 1.021270e-01
1.830000e+02 1.419901e-01
1.840000e+02 1.761573e-01
1.850000e+02 2.032117e-01
1.860000e+02 2.220277e-01
1.870000e+02 2.318183e-01
1.880000e+02 2.321680e-01
1.890000e+02 2.230511e-01
1.900000e+02 2.048328e-01
1.910000e+02 1.782545e-01
1.920000e+02 1.444031e-01
1.930000e+02 1.046661e-01
1.940000e+02 6.067400e-02
1.950000e+02 1.423204e-02
1.960000e+02 -3.275429e-02
1.970000e+02 -7.835877e-02
1.980000e+02 -1.207144e-01
1.990000e+02 -1.580909e-01
2.000000e+02 -1.889660e-01
2.010000e+02 -2.120887e-01
2.020000e+02 -2.265304e-01
2.030000e+02 -2.317224e-01
2.040000e+02 -2.274789e-01
2.050000e+02 -2.140035e-01
2.060000e+02 -1.918794e-01
2.070000e+02 -1.620439e-01
2.080000e+02 -1.257482e-01
2.090000e+02 -8.450463e-02
2.100000e+02 -4.002206e-02
2.110000e+02 5.865084e-03
2.120000e+02 5.127387e-02
2.130000e+02 9.435100e-02
2.140000e+02 1.333495e-01
2.150000e+02 1.667004e-01
2.160000e+02 1.930768e-01
2.170000e+02 2.114473e-01
2.180000e+02 2.211166e-01
2.190000e+02 2.217524e-01
2.200000e+02 2.133961e-01
2.210000e+02 1.964585e-01
2.220000e+02 1.717001e-01
2.230000e+02 1.401968e-01
2.240000e+02 1.032924e-01
2.250000e+02 6.254101e-02
2.260000e+02 1.964068e-02
2.270000e+02 -2.363815e-02
2.280000e+02 -6.552669e-02
2.290000e+02 -1.043309e-01
2.300000e+02 -1.385012e-01
2.310000e+02 -1.666945e-01
2.320000e+02 -1.878282e-01
2.330000e+02 -2.011219e-01
2.340000e+02 -2.061263e-01
2.350000e+02 -2.027377e-01
2.360000e+02 -1.911988e-01
2.370000e+02 -1.720837e-01
2.380000e+02 -1.462705e-01
2.390000e+02 -1.149006e-01
2.400000e+02 -7.932845e-02
2.410000e+02 -4.106200e-02
2.420000e+02 -1.698635e-03
2.430000e+02 3.714260e-02
2.440000e+02 7.388812e-02
2.450000e+02 1.070745e-01
2.460000e+02 1.354073e-01
2.470000e+02 1.578121e-01
2.480000e+02 1.734754e-01
2.490000e+02 1.818743e-01
2.500000e+02 1.827933e-01
2.510000e+02 1.763278e-01
2.520000e+02 1.628748e-01
2.530000e+02 1.431114e-01
2.540000e+02 1.179612e-01
2.550000e+02 8.855175e-02
2.560000e+02 5.616380e-02
2.570000e+02 2.217519e-02
2.580000e+02 -1.199820e-02
2.590000e+02 -4.496205e-02
2.600000e+02 -7.540104e-02
2.610000e+02 -1.021318e-01
2.620000e+02 -1.241495e-01
2.630000e+02 -1.406655e-01
2.640000e+02 -1.511353e-01
2.650000e+02 -1.552763e-01
2.660000e+02 -1.530726e-01
2.670000e+02 -1.447702e-01
2.680000e+02 -1.308605e-01
2.690000e+02 -1.120530e-01
2.700000e+02 -8.924142e-02
2.710000e+02 -6.346104e-02
2.720000e+02 -3.584218e-02
2.730000e+02 -7.560362e-03
2.740000e+02 2.021396e-02
2.750000e+02 4.636418e-02
2.760000e+02 6.987281e-02
2.770000e+02 8.986127e-02
2.780000e+02 1.056227e-01
2.790000e+02 1.166466e-01
2.800000e+02 1.226343e-01
2.810000e+02 1.235052e-01
2.820000e+02 1.193933e-01
2.830000e+02 1.106349e-01
2.840000e+02 9.774777e-02
2.850000e+02 8.140351e-02
2.860000e+02 6.239394e-02
2.870000e+02 4.159369e-02
2.880000e+02 1.992016e-02
2.890000e+02 -1.706785e-03
2.900000e+02 -2.240399e-02
2.910000e+02 -4.136115e-02
2.920000e+02 -5.787263e-02
2.930000e+02 -7.136356e-02
2.940000e+02 -8.140929e-02
2.950000e+02 -8.774763e-02
2.960000e+02 -9.028346e-02
2.970000e+02 -8.908605e-02
2.980000e+02 -8.437905e-02
2.990000e+02 -7.652428e-02
3.000000e+02 -6.599993e-02
3.010000e+02 -5.337474e-02
3.020000e+02 -3.927896e-02
3.030000e+02 -2.437406e-02
3.040000e+02 -9.322219e-03
3.050000e+02 5.242825e-03
3.060000e+02 1.874230e-02
3.070000e+02 3.067536e-02
3.080000e+02 4.063726e-02
3.090000e+02 4.833247e-02
3.100000e+02 5.358204e-02
3.110000e+02 5.632527e-02
3.120000e+02 5.661587e-02
3.130000e+02 5.461290e-02
3.140000e+02 5.056730e-02
3.150000e+02 4.480475e-02
3.160000e+02 3.770591e-02
3.170000e+02 2.968502e-02
3.180000e+02 2.116815e-02
3.190000e+02 1.257193e-02
3.200000e+02 4.284036e-03
3.210000e+02 -3.353893e-03
3.220000e+02 -1.006001e-02
3.230000e+02 -1.562220e-02
3.240000e+02 -1.990395e-02
3.250000e+02 -2.284590e-02
3.260000e+02 -2.446333e-02
3.270000e+02 -2.483979e-02
3.280000e+02 -2.411742e-02
3.290000e+02 -2.248470e-02
3.300000e+02 -2.016221e-02
3.310000e+02 -1.738751e-02
3.320000e+02 -1.439971e-02
3.330000e+02 -1.142490e-02
3.340000e+02 -8.662976e-03
3.350000e+02 -6.276685e-03
3.360000e+02 -4.383376e-03
3.370000e+02 -3.049881e-03
3.380000e+02 -2.290718e-03
3.390000e+02 -2.069595e-03
3.400000e+02 -2.304106e-03
3.410000e+02 -2.873228e-03
3.420000e+02 -3.627146e-03
3.430000e+02 -4.398790e-03
3.440000e+02 -5.016388e-03
3.450000e+02 -5.316220e-03
3.460000e+02 -5.154897e-03
3.470000e+02 -4.420401e-03
3.480000e+02 -3.041171e-03
3.490000e+02 -9.927897e-04
3.500000e+02 1.698211e-03
3.510000e+02 4.953649e-03
3.520000e+02 8.646220e-03
3.530000e+02 1.260507e-02
3.540000e+02 1.662422e-02
3.550000e+02 2.047341e-02
3.560000e+02 2.391070e-02
3.570000e+02 2.669630e-02
3.580000e+02 2.860683e-02
3.590000e+02 2.944908e-02
3.600000e+02 2.907282e-02
3.610000e+02 2.738161e-02
3.620000e+02 2.434111e-02
3.630000e+02 1.998452e-02
3.640000e+02 1.441444e-02
3.650000e+02 7.801311e-03
3.660000e+02 3.781055e-04
3.670000e+02 -7.568297e-03
3.680000e+02 -1.570888e-02
3.690000e+02 -2.368685e-02
3.700000e+02 -3.113389e-02
3.710000e+02 -3.768757e-02
3.720000e+02 -4.300918e-02
3.730000e+02 -4.680084e-02
3.740000e+02 -4.882138e-02
3.750000e+02 -4.889994e-02
3.760000e+02 -4.694657e-02
3.770000e+02 -4.295943e-02
3.780000e+02 -3.702789e-02
3.790000e+02 -2.933164e-02
3.800000e+02 -2.013526e-02
3.810000e+02 -9.778968e-03
3.820000e+02 1.334594e-03
3.830000e+02 1.275667e-02
3.840000e+02 2.401130e-02
3.850000e+02 3.461587e-02
3.860000e+02 4.410254e-02
3.870000e+02 5.203937e-02
3.880000e+02 5.805037e-02
3.890000e+02 6.183340e-02
3.900000e+02 6.317516e-02
3.910000e+02 6.196244e-02
3.920000e+02 5.818914e-02
3.930000e+02 5.195867e-02
3.940000e+02 4.348149e-02
3.950000e+02 3.306788e-02
3.960000e+02 2.111620e-02
3.970000e+02 8.097035e-03
3.980000e+02 -5.465976e-03
3.990000e+02 -1.901795e-02
4.000000e+02 -3.199625e-02
4.010000e+02 -4.385457e-02
4.020000e+02 -5.408659e-02
4.030000e+02 -6.224818e-02
4.040000e+02 -6.797710e-02
4.050000e+02 -7.100938e-02
4.060000e+02 -7.119155e-02
4.070000e+02 -6.848823e-02
4.080000e+02 -6.298465e-02
4.090000e+02 -5.488401e-02
4.100000e+02 -4.449975e-02
4.110000e+02 -3.224294e-02
4.120000e+02 -1.860549e-02
4.130000e+02 -4.139861e-03
4.140000e+02 1.056418e-02
4.150000e+02 2.490417e-02
4.160000e+02 3.829043e-02
4.170000e+02 5.017094e-02
4.180000e+02 6.005473e-02
4.190000e+02 6.753269e-02
4.200000e+02 7.229498e-02
4.210000e+02 7.414409e-02
4.220000e+02 7.300320e-02
4.230000e+02 6.891951e-02
4.240000e+02 6.206207e-02
4.250000e+02 5.271462e-02
4.260000e+02 4.126345e-02
4.270000e+02 2.818105e-02
4.280000e+02 1.400604e-02
4.290000e+02 -6.795713e-04
4.300000e+02 -1.527494e-02
4.310000e+02 -2.918554e-02
4.320000e+02 -4.184807e-02
4.330000e+02 -5.275379e-02
4.340000e+02 -6.146949e-02
4.350000e+02 -6.765505e-02
4.360000e+02 -7.107714e-02
4.370000e+02 -7.161798e-02
4.380000e+02 -6.927959e-02
4.390000e+02 -6.418250e-02
4.400000e+02 -5.655981e-02
4.410000e+02 -4.674635e-02
4.420000e+02 -3.516375e-02
4.430000e+02 -2.230193e-02
4.440000e+02 -8.697984e-03
4.450000e+02 5.086787e-03
4.460000e+02 1.849052e-02
4.470000e+02 3.097421e-02
4.480000e+02 4.204389e-02
4.490000e+02 5.127061e-02
4.500000e+02 5.830733e-02
4.510000e+02 6.290232e-02
4.520000e+02 6.490805e-02
4.530000e+02 6.428584e-02
4.540000e+02 6.110566e-02
4.550000e+02 5.554144e-02
4.560000e+02 4.786203e-02
4.570000e+02 3.841827e-02
4.580000e+02 2.762691e-02
4.590000e+02 1.595198e-02
4.600000e+02 3.884518e-03
4.610000e+02 -8.078429e-03
4.620000e+02 -1.945468e-02
4.630000e+02 -2.979677e-02
4.640000e+02 -3.870979e-02
4.650000e+02 -4.586677e-02
4.660000e+02 -5.102078e-02
4.670000e+02 -5.401330e-02
4.680000e+02 -5.477881e-02
4.690000e+02 -5.334514e-02
4.700000e+02 -4.982999e-02
4.710000e+02 -4.443362e-02
4.720000e+02 -3.742826e-02
4.730000e+02 -2.914469e-02
4.740000e+02 -1.995676e-02
4.750000e+02 -1.026443e-02
4.760000e+02 -4.761435e-04
4.770000e+02 9.008570e-03
4.780000e+02 1.781566e-02
4.790000e+02 2.561154e-02
4.800000e+02 3.211582e-02
4.810000e+02 3.711140e-02
4.820000e+02 4.045150e-02
4.830000e+02 4.206346e-02
4.840000e+02 4.194910e-02
4.850000e+02 4.018196e-02
4.860000e+02 3.690151e-02
4.870000e+02 3.230460e-02
4.880000e+02 2.663485e-02
4.890000e+02 2.017028e-02
4.900000e+02 1.321004e-02
4.910000e+02 6.060574e-03
4.920000e+02 -9.778686e-04
4.930000e+02 -7.623953e-03
4.940000e+02 -1.362660e-02
4.950000e+02 -1.877448e-02
4.960000e+02 -2.290338e-02
4.970000e+02 -2.590103e-02
4.980000e+02 -2.770951e-02
4.990000e+02 -2.832493e-02
5.000000e+02 -2.779483e-02
5.010000e+02 -2.621325e-02
5.020000e+02 -2.371391e-02
5.030000e+02 -2.046200e-02
5.040000e+02 -1.664479e-02
5.050000e+02 -1.246180e-02
5.060000e+02 -8.114873e-03
5.070000e+02 -3.798675e-03
5.080000e+02 3.079296e-04
5.090000e+02 4.049250e-03
5.100000e+02 7.298623e-03
5.110000e+02 9.962467e-03
