0.000000e+00 1.054901e-01
1.000000e+00 -2.526710e-03
2.000000e+00 6.316775e-04
3.000000e+00 3.790065e-03
4.000000e+00 5.685097e-03
5.000000e+00 7.580129e-03
6.000000e+00 8.211806e-03
7.000000e+00 8.211806e-03
8.000000e+00 6.948452e-03
9.000000e+00 5.685097e-03
1.000000e+01 3.158387e-03
1.100000e+01 6.316775e-04
1.200000e+01 -3.158387e-03
1.300000e+01 -6.316775e-03
1.400000e+01 -9.475162e-03
1.500000e+01 -1.263355e-02
1.600000e+01 -1.516026e-02
1.700000e+01 -1.705529e-02
1.800000e+01 -1.768697e-02
1.900000e+01 -1.831865e-02
2.000000e+01 -1.705529e-02
2.100000e+01 -1.516026e-02
2.200000e+01 -1.263355e-02
2.300000e+01 -8.843484e-03
2.400000e+01 -4.421742e-03
2.500000e+01 0.000000e+00
2.600000e+01 5.685097e-03
2.700000e+01 1.010684e-02
2.800000e+01 1.452858e-02
2.900000e+01 1.895032e-02
3.000000e+01 2.210871e-02
3.100000e+01 2.526710e-02
3.200000e+01 2.716213e-02
3.300000e+01 2.779381e-02
3.400000e+01 2.716213e-02
3.500000e+01 2.526710e-02
3.600000e+01 2.210871e-02
3.700000e+01 1.768697e-02
3.800000e+01 1.200187e-02
3.900000e+01 6.316775e-03
4.000000e+01 0.000000e+00
4.100000e+01 -7.580129e-03
4.200000e+01 -1.452858e-02
4.300000e+01 -2.210871e-02
4.400000e+01 -2.842548e-02
4.500000e+01 -3.411058e-02
4.600000e+01 -3.853232e-02
4.700000e+01 -4.232239e-02
4.800000e+01 -4.421742e-02
4.900000e+01 -4.421742e-02
5.000000e+01 -4.232239e-02
5.100000e+01 -3.853232e-02
5.200000e+01 -3.284723e-02
5.300000e+01 -2.589878e-02
5.400000e+01 -1.768697e-02
5.500000e+01 -8.211806e-03
5.600000e+01 1.895032e-03
5.700000e+01 1.263355e-02
5.800000e+01 2.337207e-02
5.900000e+01 3.347891e-02
6.000000e+01 4.232239e-02
6.100000e+01 4.990252e-02
6.200000e+01 5.621929e-02
6.300000e+01 5.937768e-02
6.400000e+01 6.127271e-02
6.500000e+01 6.000936e-02
6.600000e+01 5.558762e-02
6.700000e+01 4.863916e-02
6.800000e+01 3.979568e-02
6.900000e+01 2.905716e-02
7.000000e+01 1.642361e-02
7.100000e+01 2.526710e-03
7.200000e+01 -1.200187e-02
7.300000e+01 -2.653045e-02
7.400000e+01 -4.042736e-02
7.500000e+01 -5.369259e-02
7.600000e+01 -6.506278e-02
7.700000e+01 -7.453793e-02
7.800000e+01 -8.148640e-02
7.900000e+01 -8.401310e-02
8.000000e+01 -8.401310e-02
8.100000e+01 -8.022304e-02
8.200000e+01 -7.327458e-02
8.300000e+01 -6.190439e-02
8.400000e+01 -4.863916e-02
8.500000e+01 -3.221555e-02
8.600000e+01 -1.516026e-02
8.700000e+01 3.790065e-03
8.800000e+01 2.337207e-02
8.900000e+01 4.232239e-02
9.000000e+01 6.000936e-02
9.100000e+01 7.643297e-02
9.200000e+01 8.969820e-02
9.300000e+01 9.980503e-02
9.400000e+01 1.061218e-01
9.500000e+01 1.073852e-01
9.600000e+01 1.042268e-01
9.700000e+01 9.727833e-02
9.800000e+01 8.527645e-02
9.900000e+01 6.948452e-02
1.000000e+02 5.053420e-02
1.010000e+02 2.842548e-02
1.020000e+02 5.053420e-03
1.030000e+02 -1.958200e-02
1.040000e+02 -4.421742e-02
1.050000e+02 -6.758948e-02
1.060000e+02 -8.906652e-02
1.070000e+02 -1.073852e-01
1.080000e+02 -1.212821e-01
1.090000e+02 -1.301256e-01
1.100000e+02 -1.345473e-01
1.110000e+02 -1.339156e-01
1.120000e+02 -1.269672e-01
1.130000e+02 -1.149653e-01
1.140000e+02 -9.791001e-02
1.150000e+02 -7.643297e-02
1.160000e+02 -5.116587e-02
1.170000e+02 -2.337207e-02
1.180000e+02 6.948452e-03
1.190000e+02 3.663729e-02
1.200000e+02 6.569445e-02
1.210000e+02 9.222491e-02
1.220000e+02 1.162286e-01
1.230000e+02 1.351790e-01
1.240000e+02 1.490759e-01
1.250000e+02 1.572877e-01
1.260000e+02 1.591827e-01
1.270000e+02 1.541293e-01
1.280000e+02 1.433908e-01
1.290000e+02 1.257038e-01
1.300000e+02 1.023317e-01
1.310000e+02 7.453793e-02
1.320000e+02 4.232239e-02
1.330000e+02 8.843484e-03
1.340000e+02 -2.653045e-02
1.350000e+02 -6.064104e-02
1.360000e+02 -9.348826e-02
1.370000e+02 -1.231771e-01
1.380000e+02 -1.484442e-01
1.390000e+02 -1.680262e-01
1.400000e+02 -1.806598e-01
1.410000e+02 -1.857132e-01
1.420000e+02 -1.831865e-01
1.430000e+02 -1.737113e-01
1.440000e+02 -1.572877e-01
1.450000e+02 -1.332839e-01
1.460000e+02 -1.035951e-01
1.470000e+02 -6.948452e-02
1.480000e+02 -3.221555e-02
1.490000e+02 6.948452e-03
1.500000e+02 4.674413e-02
1.510000e+02 8.464478e-02
1.520000e+02 1.200187e-01
1.530000e+02 1.503392e-01
1.540000e+02 1.749747e-01
1.550000e+02 1.932933e-01
1.560000e+02 2.034001e-01
1.570000e+02 2.052952e-01
1.580000e+02 1.983467e-01
1.590000e+02 1.831865e-01
1.600000e+02 1.604461e-01
1.610000e+02 1.301256e-01
1.620000e+02 9.411994e-02
1.630000e+02 5.432426e-02
1.640000e+02 1.137019e-02
1.650000e+02 -3.221555e-02
1.660000e+02 -7.453793e-02
1.670000e+02 -1.143336e-01
1.680000e+02 -1.497076e-01
1.690000e+02 -1.787647e-01
1.700000e+02 -2.015051e-01
1.710000e+02 -2.160337e-01
1.720000e+02 -2.217188e-01
1.730000e+02 -2.185604e-01
1.740000e+02 -2.065585e-01
1.750000e+02 -1.857132e-01
1.760000e+02 -1.579194e-01
1.770000e+02 -1.231771e-01
1.780000e+02 -8.338142e-02
1.790000e+02 -4.042736e-02
1.800000e+02 5.053420e-03
1.810000e+02 5.053420e-02
1.820000e+02 9.411994e-02
1.830000e+02 1.332839e-01
1.840000e+02 1.680262e-01
1.850000e+02 1.951883e-01
1.860000e+02 2.147703e-01
1.870000e+02 2.255088e-01
1.880000e+02 2.274039e-01
1.890000e+02 2.204554e-01
1.900000e+02 2.040318e-01
1.910000e+02 1.787647e-01
1.920000e+02 1.471808e-01
1.930000e+02 1.086485e-01
1.940000e+02 6.569445e-02
1.950000e+02 2.021368e-02
1.960000e+02 -2.653045e-02
1.970000e+02 -7.137955e-02
1.980000e+02 -1.137019e-01
1.990000e+02 -1.516026e-01
2.000000e+02 -1.831865e-01
2.010000e+02 -2.078219e-01
2.020000e+02 -2.236138e-01
2.030000e+02 -2.305623e-01
2.040000e+02 -2.280356e-01
2.050000e+02 -2.160337e-01
2.060000e+02 -1.951883e-01
2.070000e+02 -1.661312e-01
2.080000e+02 -1.307572e-01
2.090000e+02 -9.032988e-02
2.100000e+02 -4.674413e-02
2.110000e+02 -1.263355e-03
2.120000e+02 4.421742e-02
2.130000e+02 8.780316e-02
2.140000e+02 1.269672e-01
2.150000e+02 1.610778e-01
2.160000e+02 1.882399e-01
2.170000e+02 2.071902e-01
2.180000e+02 2.179287e-01
2.190000e+02 2.198237e-01
2.200000e+02 2.122436e-01
2.210000e+02 1.970834e-01
2.220000e+02 1.730796e-01
2.230000e+02 1.421274e-01
2.240000e+02 1.061218e-01
2.250000e+02 6.569445e-02
2.260000e+02 2.337207e-02
2.270000e+02 -1.958200e-02
2.280000e+02 -6.190439e-02
2.290000e+02 -1.010684e-01
2.300000e+02 -1.358107e-01
2.310000e+02 -1.642361e-01
2.320000e+02 -1.863448e-01
2.330000e+02 -2.002417e-01
2.340000e+02 -2.065585e-01
2.350000e+02 -2.040318e-01
2.360000e+02 -1.932933e-01
2.370000e+02 -1.749747e-01
2.380000e+02 -1.497076e-01
2.390000e+02 -1.187554e-01
2.400000e+02 -8.401310e-02
2.410000e+02 -4.548077e-02
2.420000e+02 -6.948452e-03
2.430000e+02 3.221555e-02
2.440000e+02 6.948452e-02
2.450000e+02 1.023317e-01
2.460000e+02 1.313889e-01
2.470000e+02 1.547610e-01
2.480000e+02 1.711846e-01
2.490000e+02 1.793964e-01
2.500000e+02 1.812914e-01
2.510000e+02 1.749747e-01
2.520000e+02 1.623411e-01
2.530000e+02 1.433908e-01
2.540000e+02 1.193870e-01
2.550000e+02 9.096155e-02
2.560000e+02 5.874600e-02
2.570000e+02 2.526710e-02
2.580000e+02 -8.843484e-03
2.590000e+02 -4.169071e-02
2.600000e+02 -7.201123e-02
2.610000e+02 -9.917335e-02
2.620000e+02 -1.212821e-01
2.630000e+02 -1.383374e-01
2.640000e+02 -1.503392e-01
2.650000e+02 -1.553926e-01
2.660000e+02 -1.541293e-01
2.670000e+02 -1.465492e-01
2.680000e+02 -1.339156e-01
2.690000e+02 -1.162286e-01
2.700000e+02 -9.411994e-02
2.710000e+02 -6.948452e-02
2.720000e+02 -4.232239e-02
2.730000e+02 -1.389690e-02
2.740000e+02 1.389690e-02
2.750000e+02 3.979568e-02
2.760000e+02 6.379942e-02
2.770000e+02 8.464478e-02
2.780000e+02 1.017001e-01
2.790000e+02 1.130703e-01
2.800000e+02 1.206504e-01
2.810000e+02 1.231771e-01
2.820000e+02 1.200187e-01
2.830000e+02 1.124386e-01
2.840000e+02 1.004367e-01
2.850000e+02 8.464478e-02
2.860000e+02 6.569445e-02
2.870000e+02 4.484910e-02
2.880000e+02 2.337207e-02
2.890000e+02 1.895032e-03
2.900000e+02 -1.895032e-02
2.910000e+02 -3.790065e-02
2.920000e+02 -5.495594e-02
2.930000e+02 -6.885284e-02
2.940000e+02 -7.895968e-02
2.950000e+02 -8.590813e-02
2.960000e+02 -8.969820e-02
2.970000e+02 -8.906652e-02
2.980000e+02 -8.527645e-02
2.990000e+02 -7.832800e-02
3.000000e+02 -6.822117e-02
3.010000e+02 -5.621929e-02
3.020000e+02 -4.295406e-02
3.030000e+02 -2.842548e-02
3.040000e+02 -1.326523e-02
3.050000e+02 6.316775e-04
3.060000e+02 1.452858e-02
3.070000e+02 2.653045e-02
3.080000e+02 3.663729e-02
3.090000e+02 4.484910e-02
3.100000e+02 5.053420e-02
3.110000e+02 5.369259e-02
3.120000e+02 5.432426e-02
3.130000e+02 5.306091e-02
3.140000e+02 4.927084e-02
3.150000e+02 4.421742e-02
3.160000e+02 3.726897e-02
3.170000e+02 2.968884e-02
3.180000e+02 2.147703e-02
3.190000e+02 1.326523e-02
3.200000e+02 5.053420e-03
3.210000e+02 -2.526710e-03
3.220000e+02 -8.843484e-03
3.230000e+02 -1.389690e-02
3.240000e+02 -1.831865e-02
3.250000e+02 -2.147703e-02
3.260000e+02 -2.337207e-02
3.270000e+02 -2.400374e-02
3.280000e+02 -2.400374e-02
3.290000e+02 -2.274039e-02
3.300000e+02 -2.084536e-02
3.310000e+02 -1.895032e-02
3.320000e+02 -1.642361e-02
3.330000e+02 -1.389690e-02
3.340000e+02 -1.137019e-02
3.350000e+02 -8.843484e-03
3.360000e+02 -6.948452e-03
3.370000e+02 -5.053420e-03
3.380000e+02 -3.790065e-03
3.390000e+02 -3.790065e-03
3.400000e+02 -3.790065e-03
3.410000e+02 -3.790065e-03
3.420000e+02 -4.421742e-03
3.430000e+02 -5.053420e-03
3.440000e+02 -5.685097e-03
3.450000e+02 -6.316775e-03
3.460000e+02 -6.948452e-03
3.470000e+02 -6.316775e-03
3.480000e+02 -5.053420e-03
3.490000e+02 -3.158387e-03
3.500000e+02 -6.316775e-04
3.510000e+02 2.526710e-03
3.520000e+02 5.685097e-03
3.530000e+02 9.475162e-03
3.540000e+02 1.326523e-02
3.550000e+02 1.768697e-02
3.560000e+02 2.147703e-02
3.570000e+02 2.400374e-02
3.580000e+02 2.653045e-02
3.590000e+02 2.779381e-02
3.600000e+02 2.779381e-02
3.610000e+02 2.653045e-02
3.620000e+02 2.337207e-02
3.630000e+02 1.958200e-02
3.640000e+02 1.389690e-02
3.650000e+02 7.580129e-03
3.660000e+02 6.316775e-04
3.670000e+02 -6.948452e-03
3.680000e+02 -1.516026e-02
3.690000e+02 -2.274039e-02
3.700000e+02 -3.032052e-02
3.710000e+02 -3.790065e-02
3.720000e+02 -4.295406e-02
3.730000e+02 -4.674413e-02
3.740000e+02 -4.927084e-02
3.750000e+02 -4.990252e-02
3.760000e+02 -4.800748e-02
3.770000e+02 -4.484910e-02
3.780000e+02 -3.916400e-02
3.790000e+02 -3.221555e-02
3.800000e+02 -2.274039e-02
3.810000e+02 -1.326523e-02
3.820000e+02 -2.526710e-03
3.830000e+02 9.475162e-03
3.840000e+02 2.021368e-02
3.850000e+02 3.095219e-02
3.860000e+02 4.105903e-02
3.870000e+02 4.927084e-02
3.880000e+02 5.558762e-02
3.890000e+02 6.000936e-02
3.900000e+02 6.253607e-02
3.910000e+02 6.190439e-02
3.920000e+02 5.874600e-02
3.930000e+02 5.306091e-02
3.940000e+02 4.484910e-02
3.950000e+02 3.474226e-02
3.960000e+02 2.274039e-02
3.970000e+02 8.843484e-03
3.980000e+02 -5.053420e-03
3.990000e+02 -1.895032e-02
4.000000e+02 -3.284723e-02
4.010000e+02 -4.484910e-02
4.020000e+02 -5.558762e-02
4.030000e+02 -6.379942e-02
4.040000e+02 -7.011620e-02
4.050000e+02 -7.327458e-02
4.060000e+02 -7.327458e-02
4.070000e+02 -7.074787e-02
4.080000e+02 -6.569445e-02
4.090000e+02 -5.748265e-02
4.100000e+02 -4.737581e-02
4.110000e+02 -3.537394e-02
4.120000e+02 -2.210871e-02
4.130000e+02 -7.580129e-03
4.140000e+02 6.948452e-03
4.150000e+02 2.084536e-02
4.160000e+02 3.411058e-02
4.170000e+02 4.548077e-02
4.180000e+02 5.558762e-02
4.190000e+02 6.316774e-02
4.200000e+02 6.822117e-02
4.210000e+02 7.011620e-02
4.220000e+02 7.011620e-02
4.230000e+02 6.695782e-02
4.240000e+02 6.064104e-02
4.250000e+02 5.179755e-02
4.260000e+02 4.105903e-02
4.270000e+02 2.842548e-02
4.280000e+02 1.452858e-02
4.290000e+02 6.316775e-04
4.300000e+02 -1.326523e-02
4.310000e+02 -2.589878e-02
4.320000e+02 -3.916400e-02
4.330000e+02 -4.990252e-02
4.340000e+02 -5.874600e-02
4.350000e+02 -6.506278e-02
4.360000e+02 -6.948452e-02
4.370000e+02 -7.074787e-02
4.380000e+02 -6.948452e-02
4.390000e+02 -6.506278e-02
4.400000e+02 -5.874600e-02
4.410000e+02 -4.927084e-02
4.420000e+02 -3.853232e-02
4.430000e+02 -2.653045e-02
4.440000e+02 -1.389690e-02
4.450000e+02 0.000000e+00
4.460000e+02 1.389690e-02
4.470000e+02 2.653045e-02
4.480000e+02 3.726897e-02
4.490000e+02 4.737581e-02
4.500000e+02 5.495594e-02
4.510000e+02 6.000936e-02
4.520000e+02 6.316774e-02
4.530000e+02 6.316774e-02
4.540000e+02 6.064104e-02
4.550000e+02 5.621929e-02
4.560000e+02 4.927084e-02
4.570000e+02 3.979568e-02
4.580000e+02 2.968884e-02
4.590000e+02 1.895032e-02
4.600000e+02 6.948452e-03
4.610000e+02 -5.685097e-03
4.620000e+02 -1.705529e-02
4.630000e+02 -2.716213e-02
4.640000e+02 -3.600562e-02
4.650000e+02 -4.421742e-02
4.660000e+02 -4.927084e-02
4.670000e+02 -5.369259e-02
4.680000e+02 -5.495594e-02
4.690000e+02 -5.432426e-02
4.700000e+02 -5.179755e-02
4.710000e+02 -4.737581e-02
4.720000e+02 -4.105903e-02
4.730000e+02 -3.284723e-02
4.740000e+02 -2.463542e-02
4.750000e+02 -1.516026e-02
4.760000e+02 -5.053420e-03
4.770000e+02 4.421742e-03
4.780000e+02 1.326523e-02
4.790000e+02 2.210871e-02
4.800000e+02 2.842548e-02
4.810000e+02 3.474226e-02
4.820000e+02 3.853232e-02
4.830000e+02 4.105903e-02
4.840000e+02 4.169071e-02
4.850000e+02 4.042736e-02
4.860000e+02 3.790065e-02
4.870000e+02 3.411058e-02
4.880000e+02 2.842548e-02
4.890000e+02 2.210871e-02
4.900000e+02 1.516026e-02
4.910000e+02 8.211806e-03
4.920000e+02 1.263355e-03
4.930000e+02 -5.685097e-03
4.940000e+02 -1.200187e-02
4.950000e+02 -1.768697e-02
4.960000e+02 -2.210871e-02
4.970000e+02 -2.526710e-02
4.980000e+02 -2.779381e-02
4.990000e+02 -2.905716e-02
5.000000e+02 -2.905716e-02
5.010000e+02 -2.779381e-02
5.020000e+02 -2.589878e-02
5.030000e+02 -2.274039e-02
5.040000e+02 -1.895032e-02
5.050000e+02 -1.516026e-02
5.060000e+02 -1.073852e-02
5.070000e+02 -6.948452e-03
5.080000e+02 -3.158387e-03
5.090000e+02 1.263355e-03
5.100000e+02 4.421742e-03
5.110000e+02 6.948452e-03
