0.000000e+000 -3.228292e-002
1.000000e+000 2.457024e-002
2.000000e+000 -3.016127e-002
3.000000e+000 6.745074e-003
4.000000e+000 -4.308461e-003
5.000000e+000 -1.089980e-002
6.000000e+000 2.152389e-002
7.000000e+000 -3.242715e-002
8.000000e+000 2.296358e-002
9.000000e+000 -4.354652e-002
1.000000e+001 1.178972e-002
1.100000e+001 -1.802875e-002
1.200000e+001 5.557652e-003
1.300000e+001 1.641386e-002
1.400000e+001 -2.096010e-002
1.500000e+001 1.889996e-002
1.600000e+001 -4.342825e-002
1.700000e+001 2.690399e-002
1.800000e+001 -8.693269e-003
1.900000e+001 3.951930e-002
2.000000e+001 2.283570e-002
2.100000e+001 2.265971e-003
2.200000e+001 1.959051e-002
2.300000e+001 -2.502835e-002
2.400000e+001 4.770261e-002
2.500000e+001 1.252381e-002
2.600000e+001 6.425594e-002
2.700000e+001 1.216723e-002
2.800000e+001 -2.124021e-003
2.900000e+001 -6.854117e-003
3.000000e+001 -1.232376e-002
3.100000e+001 7.267042e-002
3.200000e+001 5.958452e-002
3.300000e+001 9.645855e-002
3.400000e+001 -1.364426e-002
3.500000e+001 -7.633571e-002
3.600000e+001 -1.357087e-001
3.700000e+001 -1.019466e-001
3.800000e+001 3.743257e-002
3.900000e+001 1.186351e-001
4.000000e+001 1.645936e-001
4.100000e+001 -3.523635e-002
4.200000e+001 -2.927480e-001
4.300000e+001 -5.929891e-001
4.400000e+001 -6.809537e-001
4.500000e+001 -4.678065e-001
4.600000e+001 6.197751e-003
4.700000e+001 6.462964e-001
4.800000e+001 1.115316e+000
4.900000e+001 1.316708e+000
5.000000e+001 1.088717e+000
5.100000e+001 6.233181e-001
5.200000e+001 1.127425e-001
5.300000e+001 -1.786522e-001
5.400000e+001 -7.326347e-002
5.500000e+001 3.687142e-001
5.600000e+001 1.032155e+000
5.700000e+001 1.599731e+000
5.800000e+001 1.883581e+000
5.900000e+001 1.730472e+000
6.000000e+001 1.181870e+000
6.100000e+001 4.219765e-001
6.200000e+001 -3.362070e-001
6.300000e+001 -8.667306e-001
6.400000e+001 -1.108402e+000
6.500000e+001 -1.112792e+000
6.600000e+001 -1.023914e+000
6.700000e+001 -1.028926e+000
6.800000e+001 -1.165524e+000
6.900000e+001 -1.407724e+000
7.000000e+001 -1.572295e+000
7.100000e+001 -1.505887e+000
7.200000e+001 -1.178350e+000
7.300000e+001 -6.413534e-001
7.400000e+001 -1.755922e-001
7.500000e+001 8.469006e-002
7.600000e+001 -3.953774e-002
7.700000e+001 -4.158463e-001
7.800000e+001 -8.620511e-001
7.900000e+001 -1.156085e+000
8.000000e+001 -1.080672e+000
8.100000e+001 -7.257379e-001
8.200000e+001 -7.647669e-002
8.300000e+001 5.625405e-001
8.400000e+001 1.165816e+000
8.500000e+001 1.548371e+000
8.600000e+001 1.678878e+000
8.700000e+001 1.555817e+000
8.800000e+001 1.076267e+000
8.900000e+001 4.631546e-001
9.000000e+001 -3.063759e-001
9.100000e+001 -8.019902e-001
9.200000e+001 -9.740713e-001
9.300000e+001 -6.373482e-001
9.400000e+001 5.014306e-002
9.500000e+001 7.576163e-001
9.600000e+001 1.336249e+000
9.700000e+001 1.439859e+000
9.800000e+001 1.393535e+000
9.900000e+001 1.181715e+000
1.000000e+002 1.217143e+000
1.010000e+002 1.407663e+000
1.020000e+002 1.632847e+000
1.030000e+002 1.718004e+000
1.040000e+002 1.348040e+000
1.050000e+002 8.416932e-001
1.060000e+002 1.973040e-001
1.070000e+002 1.599169e-002
1.080000e+002 2.033381e-001
1.090000e+002 7.813193e-001
1.100000e+002 1.367991e+000
1.110000e+002 1.536336e+000
1.120000e+002 1.335782e+000
1.130000e+002 6.404883e-001
1.140000e+002 1.186686e-001
1.150000e+002 -2.228130e-001
1.160000e+002 7.210324e-003
1.170000e+002 4.975695e-001
1.180000e+002 9.905566e-001
1.190000e+002 1.293129e+000
1.200000e+002 1.086132e+000
1.210000e+002 7.810392e-001
1.220000e+002 2.280860e-001
1.230000e+002 -4.356128e-002
1.240000e+002 -2.699140e-001
1.250000e+002 -3.430734e-001
1.260000e+002 -4.381168e-001
1.270000e+002 -7.194375e-001
1.280000e+002 -9.351407e-001
1.290000e+002 -1.298188e+000
1.300000e+002 -1.337606e+000
1.310000e+002 -1.386266e+000
1.320000e+002 -1.200940e+000
1.330000e+002 -1.080832e+000
1.340000e+002 -1.045843e+000
1.350000e+002 -9.895412e-001
1.360000e+002 -1.031237e+000
1.370000e+002 -7.122436e-001
1.380000e+002 -3.218402e-001
1.390000e+002 4.727641e-001
1.400000e+002 1.194325e+000
1.410000e+002 1.797815e+000
1.420000e+002 2.014158e+000
1.430000e+002 1.683300e+000
1.440000e+002 1.143753e+000
1.450000e+002 3.383264e-001
1.460000e+002 -4.504633e-002
1.470000e+002 -1.625848e-001
1.480000e+002 2.851374e-001
1.490000e+002 8.800216e-001
1.500000e+002 1.356496e+000
1.510000e+002 1.528705e+000
1.520000e+002 1.126015e+000
1.530000e+002 6.245980e-001
1.540000e+002 -5.596817e-003
1.550000e+002 -1.381961e-001
1.560000e+002 2.604494e-002
1.570000e+002 5.410783e-001
1.580000e+002 1.061863e+000
1.590000e+002 1.258587e+000
1.600000e+002 1.236602e+000
1.610000e+002 6.956261e-001
1.620000e+002 3.522983e-001
1.630000e+002 -1.224837e-001
1.640000e+002 -2.218593e-001
1.650000e+002 -2.969882e-001
1.660000e+002 -3.910141e-001
1.670000e+002 -5.044965e-001
1.680000e+002 -9.567801e-001
1.690000e+002 -1.216849e+000
1.700000e+002 -1.666614e+000
1.710000e+002 -1.633317e+000
1.720000e+002 -1.494484e+000
1.730000e+002 -9.483556e-001
1.740000e+002 -2.141891e-001
1.750000e+002 4.518974e-001
1.760000e+002 1.133182e+000
1.770000e+002 1.225876e+000
1.780000e+002 1.164628e+000
1.790000e+002 4.755980e-001
1.800000e+002 -1.857085e-001
1.810000e+002 -8.821076e-001
1.820000e+002 -1.257693e+000
1.830000e+002 -1.167445e+000
1.840000e+002 -9.520354e-001
1.850000e+002 -3.809678e-001
1.860000e+002 -1.407832e-001
1.870000e+002 2.026531e-001
1.880000e+002 2.422774e-001
1.890000e+002 4.084608e-001
1.900000e+002 6.331511e-001
1.910000e+002 8.622640e-001
1.920000e+002 1.242858e+000
1.930000e+002 1.304424e+000
1.940000e+002 1.494489e+000
1.950000e+002 1.386228e+000
1.960000e+002 1.482268e+000
1.970000e+002 1.502580e+000
1.980000e+002 1.536601e+000
1.990000e+002 1.505030e+000
2.000000e+002 1.130961e+000
2.010000e+002 7.768005e-001
2.020000e+002 1.880392e-001
2.030000e+002 -2.453938e-003
2.040000e+002 -4.979683e-002
2.050000e+002 3.047548e-001
2.060000e+002 7.503776e-001
2.070000e+002 1.026701e+000
2.080000e+002 1.109664e+000
2.090000e+002 6.453249e-001
2.100000e+002 8.380306e-002
2.110000e+002 -7.709315e-001
2.120000e+002 -1.387324e+000
2.130000e+002 -1.843235e+000
2.140000e+002 -1.924438e+000
2.150000e+002 -1.610178e+000
2.160000e+002 -1.131144e+000
2.170000e+002 -4.233896e-001
2.180000e+002 -6.803781e-003
2.190000e+002 2.298783e-001
2.200000e+002 -4.977027e-002
2.210000e+002 -5.428303e-001
2.220000e+002 -1.081540e+000
2.230000e+002 -1.379944e+000
2.240000e+002 -1.138159e+000
2.250000e+002 -5.764309e-001
2.260000e+002 2.912628e-001
2.270000e+002 9.051372e-001
2.280000e+002 1.193650e+000
2.290000e+002 9.385984e-001
2.300000e+002 3.179761e-001
2.310000e+002 -4.143499e-001
2.320000e+002 -1.108048e+000
2.330000e+002 -1.479279e+000
2.340000e+002 -1.646113e+000
2.350000e+002 -1.481906e+000
2.360000e+002 -1.137323e+000
2.370000e+002 -5.819321e-001
2.380000e+002 8.347332e-002
2.390000e+002 6.897368e-001
2.400000e+002 1.119694e+000
2.410000e+002 1.150697e+000
2.420000e+002 8.701503e-001
2.430000e+002 3.832764e-001
2.440000e+002 -7.722177e-003
2.450000e+002 -8.110303e-002
2.460000e+002 2.027566e-001
2.470000e+002 7.478352e-001
2.480000e+002 1.258312e+000
2.490000e+002 1.541280e+000
2.500000e+002 1.525663e+000
2.510000e+002 1.313593e+000
2.520000e+002 1.154531e+000
2.530000e+002 1.130604e+000
2.540000e+002 1.291839e+000
2.550000e+002 1.402898e+000
2.560000e+002 1.275618e+000
2.570000e+002 7.996966e-001
2.580000e+002 2.234340e-002
2.590000e+002 -6.976684e-001
2.600000e+002 -1.168305e+000
2.610000e+002 -1.059373e+000
2.620000e+002 -5.014477e-001
2.630000e+002 3.598917e-001
2.640000e+002 1.162976e+000
2.650000e+002 1.563113e+000
2.660000e+002 1.499443e+000
2.670000e+002 8.554965e-001
2.680000e+002 3.800666e-002
2.690000e+002 -8.436296e-001
2.700000e+002 -1.346844e+000
2.710000e+002 -1.410023e+000
2.720000e+002 -1.009621e+000
2.730000e+002 -2.365000e-001
2.740000e+002 4.828891e-001
2.750000e+002 1.089040e+000
2.760000e+002 1.149946e+000
2.770000e+002 8.906406e-001
2.780000e+002 2.340927e-001
2.790000e+002 -4.751056e-001
2.800000e+002 -1.061867e+000
2.810000e+002 -1.477129e+000
2.820000e+002 -1.517091e+000
2.830000e+002 -1.487572e+000
2.840000e+002 -1.139376e+000
2.850000e+002 -7.931588e-001
2.860000e+002 -2.186038e-001
2.870000e+002 3.723582e-001
2.880000e+002 8.871223e-001
2.890000e+002 1.220671e+000
2.900000e+002 1.026259e+000
2.910000e+002 5.781692e-001
2.920000e+002 -3.013680e-001
2.930000e+002 -9.944082e-001
2.940000e+002 -1.495958e+000
2.950000e+002 -1.480825e+000
2.960000e+002 -1.072063e+000
2.970000e+002 -5.926041e-001
2.980000e+002 -9.444159e-002
2.990000e+002 -2.780336e-002
3.000000e+002 9.106672e-003
3.010000e+002 -1.497492e-001
3.020000e+002 9.761631e-003
3.030000e+002 3.661638e-001
3.040000e+002 8.909290e-001
3.050000e+002 1.392903e+000
3.060000e+002 1.410777e+000
3.070000e+002 1.116657e+000
3.080000e+002 2.365241e-001
3.090000e+002 -5.781658e-001
3.100000e+002 -1.301333e+000
3.110000e+002 -1.444211e+000
3.120000e+002 -1.049286e+000
3.130000e+002 -3.235009e-001
3.140000e+002 6.150100e-001
3.150000e+002 1.168538e+000
3.160000e+002 1.475566e+000
3.170000e+002 1.115068e+000
3.180000e+002 5.292460e-001
3.190000e+002 -3.081335e-001
3.200000e+002 -9.743289e-001
3.210000e+002 -1.389066e+000
3.220000e+002 -1.289779e+000
3.230000e+002 -8.050547e-001
3.240000e+002 -4.012545e-002
3.250000e+002 8.034105e-001
3.260000e+002 1.334657e+000
3.270000e+002 1.522313e+000
3.280000e+002 1.082451e+000
3.290000e+002 3.639592e-001
3.300000e+002 -5.610042e-001
3.310000e+002 -1.218406e+000
3.320000e+002 -1.410259e+000
3.330000e+002 -1.080034e+000
3.340000e+002 -2.636448e-001
3.350000e+002 5.464343e-001
3.360000e+002 1.232435e+000
3.370000e+002 1.327857e+000
3.380000e+002 1.054652e+000
3.390000e+002 4.585261e-001
3.400000e+002 -6.134206e-002
3.410000e+002 -2.305260e-001
3.420000e+002 -4.820096e-002
3.430000e+002 5.680028e-001
3.440000e+002 1.151304e+000
3.450000e+002 1.706909e+000
3.460000e+002 1.824866e+000
3.470000e+002 1.658413e+000
3.480000e+002 1.196120e+000
3.490000e+002 5.845566e-001
3.500000e+002 4.173952e-002
3.510000e+002 -5.353605e-001
3.520000e+002 -8.744134e-001
3.530000e+002 -1.217782e+000
3.540000e+002 -1.282113e+000
3.550000e+002 -1.231224e+000
3.560000e+002 -9.491404e-001
3.570000e+002 -4.900793e-001
3.580000e+002 -1.916933e-002
3.590000e+002 5.535393e-001
3.600000e+002 9.206175e-001
3.610000e+002 1.310243e+000
3.620000e+002 1.430017e+000
3.630000e+002 1.441926e+000
3.640000e+002 1.189915e+000
3.650000e+002 6.845231e-001
3.660000e+002 7.367676e-002
3.670000e+002 -6.644022e-001
3.680000e+002 -1.087311e+000
3.690000e+002 -1.278080e+000
3.700000e+002 -9.377170e-001
3.710000e+002 -3.988114e-001
3.720000e+002 1.767631e-001
3.730000e+002 4.667177e-001
3.740000e+002 2.147847e-001
3.750000e+002 -3.455769e-001
3.760000e+002 -1.160251e+000
3.770000e+002 -1.595170e+000
3.780000e+002 -1.600200e+000
3.790000e+002 -9.442722e-001
3.800000e+002 2.180325e-002
3.810000e+002 9.135336e-001
3.820000e+002 1.457572e+000
3.830000e+002 1.346278e+000
3.840000e+002 9.388060e-001
3.850000e+002 2.941667e-001
3.860000e+002 -4.671270e-002
3.870000e+002 -1.371878e-001
3.880000e+002 1.436936e-002
3.890000e+002 1.480894e-001
3.900000e+002 -4.576755e-002
3.910000e+002 -4.417436e-001
3.920000e+002 -1.072504e+000
3.930000e+002 -1.404623e+000
3.940000e+002 -1.398484e+000
3.950000e+002 -8.403047e-001
3.960000e+002 5.358636e-003
3.970000e+002 8.092576e-001
3.980000e+002 1.359386e+000
3.990000e+002 1.352178e+000
4.000000e+002 1.058352e+000
4.010000e+002 4.839221e-001
4.020000e+002 5.924016e-002
4.030000e+002 -2.069985e-001
4.040000e+002 -2.557871e-001
4.050000e+002 -1.905522e-001
4.060000e+002 -2.713516e-001
4.070000e+002 -4.472756e-001
4.080000e+002 -9.058201e-001
4.090000e+002 -1.340457e+000
4.100000e+002 -1.721323e+000
4.110000e+002 -1.760589e+000
4.120000e+002 -1.410799e+000
4.130000e+002 -7.664503e-001
4.140000e+002 9.224886e-002
4.150000e+002 7.592045e-001
4.160000e+002 1.197716e+000
4.170000e+002 1.154186e+000
4.180000e+002 8.358277e-001
4.190000e+002 3.738537e-001
4.200000e+002 2.514595e-002
4.210000e+002 1.905844e-002
4.220000e+002 2.598690e-001
4.230000e+002 7.739218e-001
4.240000e+002 1.200307e+000
4.250000e+002 1.532228e+000
4.260000e+002 1.613702e+000
4.270000e+002 1.549221e+000
4.280000e+002 1.468772e+000
4.290000e+002 1.375289e+000
4.300000e+002 1.400200e+000
4.310000e+002 1.328715e+000
4.320000e+002 1.232859e+000
4.330000e+002 9.581011e-001
4.340000e+002 6.225600e-001
4.350000e+002 2.993537e-001
4.360000e+002 1.315008e-002
4.370000e+002 -1.229485e-001
4.380000e+002 -3.056627e-001
4.390000e+002 -4.763921e-001
4.400000e+002 -8.225015e-001
4.410000e+002 -1.207295e+000
4.420000e+002 -1.550138e+000
4.430000e+002 -1.698905e+000
4.440000e+002 -1.445539e+000
4.450000e+002 -9.039910e-001
4.460000e+002 -6.751788e-002
4.470000e+002 6.666983e-001
4.480000e+002 1.161321e+000
4.490000e+002 1.188012e+000
4.500000e+002 7.993186e-001
4.510000e+002 2.482991e-001
4.520000e+002 -2.805853e-001
4.530000e+002 -3.962330e-001
4.540000e+002 -1.645145e-001
4.550000e+002 4.545509e-001
4.560000e+002 1.092247e+000
4.570000e+002 1.510727e+000
4.580000e+002 1.513351e+000
4.590000e+002 1.001408e+000
4.600000e+002 2.686734e-001
4.610000e+002 -5.729181e-001
4.620000e+002 -1.087008e+000
4.630000e+002 -1.256655e+000
4.640000e+002 -9.642911e-001
4.650000e+002 -3.654917e-001
4.660000e+002 3.233005e-001
4.670000e+002 1.015854e+000
4.680000e+002 1.424307e+000
4.690000e+002 1.660486e+000
4.700000e+002 1.554969e+000
4.710000e+002 1.321279e+000
4.720000e+002 9.663157e-001
4.730000e+002 6.073593e-001
4.740000e+002 3.666115e-001
4.750000e+002 1.368620e-001
4.760000e+002 3.622381e-002
4.770000e+002 -1.985591e-001
4.780000e+002 -4.306461e-001
4.790000e+002 -7.914759e-001
4.800000e+002 -1.178857e+000
4.810000e+002 -1.255245e+000
4.820000e+002 -1.465213e+000
4.830000e+002 -1.283392e+000
4.840000e+002 -1.259886e+000
4.850000e+002 -1.185481e+000
4.860000e+002 -1.179154e+000
4.870000e+002 -1.291304e+000
4.880000e+002 -1.087995e+000
4.890000e+002 -9.080290e-001
4.900000e+002 -2.303425e-001
4.910000e+002 3.290246e-001
4.920000e+002 9.955902e-001
4.930000e+002 1.344307e+000
4.940000e+002 1.376992e+000
4.950000e+002 1.249728e+000
4.960000e+002 7.845261e-001
4.970000e+002 4.760641e-001
4.980000e+002 -8.163702e-002
4.990000e+002 -4.538168e-001
5.000000e+002 -9.801472e-001
5.010000e+002 -1.382677e+000
5.020000e+002 -1.592836e+000
5.030000e+002 -1.592276e+000
5.040000e+002 -1.089708e+000
5.050000e+002 -5.124821e-001
5.060000e+002 3.103977e-001
5.070000e+002 7.795154e-001
5.080000e+002 9.864606e-001
5.090000e+002 7.239665e-001
5.100000e+002 1.362893e-001
5.110000e+002 -4.894750e-001
5.120000e+002 -1.149155e+000
5.130000e+002 -1.452635e+000
5.140000e+002 -1.649234e+000
5.150000e+002 -1.500509e+000
5.160000e+002 -1.235855e+000
5.170000e+002 -7.708006e-001
5.180000e+002 -1.718062e-001
5.190000e+002 4.078951e-001
5.200000e+002 9.610453e-001
5.210000e+002 1.165794e+000
5.220000e+002 1.109511e+000
5.230000e+002 6.434563e-001
5.240000e+002 7.530627e-003
5.250000e+002 -6.580744e-001
5.260000e+002 -1.135486e+000
5.270000e+002 -1.252993e+000
5.280000e+002 -1.042807e+000
5.290000e+002 -4.964203e-001
5.300000e+002 1.795412e-001
5.310000e+002 8.733387e-001
5.320000e+002 1.404606e+000
5.330000e+002 1.683236e+000
5.340000e+002 1.667242e+000
5.350000e+002 1.400145e+000
5.360000e+002 9.816852e-001
5.370000e+002 5.954479e-001
5.380000e+002 3.156705e-001
5.390000e+002 2.338462e-001
5.400000e+002 2.310777e-001
5.410000e+002 1.914717e-001
5.420000e+002 -2.089733e-002
5.430000e+002 -4.789955e-001
5.440000e+002 -9.676023e-001
5.450000e+002 -1.377176e+000
5.460000e+002 -1.315800e+000
5.470000e+002 -8.519201e-001
5.480000e+002 -1.070198e-003
5.490000e+002 8.537413e-001
5.500000e+002 1.374295e+000
5.510000e+002 1.459443e+000
5.520000e+002 9.987646e-001
5.530000e+002 4.812106e-001
5.540000e+002 -3.924268e-002
5.550000e+002 -1.386147e-001
5.560000e+002 -5.020226e-002
5.570000e+002 1.015855e-001
5.580000e+002 6.959993e-002
5.590000e+002 -3.832479e-001
5.600000e+002 -8.955395e-001
5.610000e+002 -1.462572e+000
5.620000e+002 -1.423948e+000
5.630000e+002 -9.689110e-001
5.640000e+002 1.380769e-004
5.650000e+002 9.867563e-001
5.660000e+002 1.563826e+000
5.670000e+002 1.664275e+000
5.680000e+002 1.044640e+000
5.690000e+002 3.999987e-001
5.700000e+002 -2.845786e-001
5.710000e+002 -3.347717e-001
5.720000e+002 -7.718616e-003
5.730000e+002 6.117370e-001
5.740000e+002 1.211214e+000
5.750000e+002 1.310062e+000
5.760000e+002 1.202753e+000
5.770000e+002 6.040583e-001
5.780000e+002 2.620929e-001
5.790000e+002 -4.657173e-002
5.800000e+002 1.440275e-002
5.810000e+002 1.306929e-001
5.820000e+002 1.686078e-002
5.830000e+002 -2.156249e-001
5.840000e+002 -8.842467e-001
5.850000e+002 -1.217373e+000
5.860000e+002 -1.410556e+000
5.870000e+002 -8.440508e-001
5.880000e+002 3.831751e-002
5.890000e+002 1.018891e+000
5.900000e+002 1.744025e+000
5.910000e+002 1.674866e+000
5.920000e+002 1.274036e+000
5.930000e+002 3.332588e-001
5.940000e+002 -1.785189e-001
5.950000e+002 -4.099255e-001
5.960000e+002 8.653991e-003
5.970000e+002 7.166378e-001
5.980000e+002 1.243024e+000
5.990000e+002 1.563564e+000
6.000000e+002 1.135472e+000
6.010000e+002 6.536323e-001
6.020000e+002 -9.233356e-002
6.030000e+002 -3.370236e-001
6.040000e+002 -2.389891e-001
6.050000e+002 2.176802e-001
6.060000e+002 8.876021e-001
6.070000e+002 1.159648e+000
6.080000e+002 1.276393e+000
6.090000e+002 6.882765e-001
6.100000e+002 5.274379e-002
6.110000e+002 -8.085294e-001
6.120000e+002 -1.389996e+000
6.130000e+002 -1.611975e+000
6.140000e+002 -1.598282e+000
6.150000e+002 -1.142537e+000
6.160000e+002 -8.512656e-001
6.170000e+002 -3.789354e-001
6.180000e+002 -2.571107e-001
6.190000e+002 -8.396631e-002
6.200000e+002 2.153238e-002
6.210000e+002 1.814113e-001
6.220000e+002 5.812830e-001
6.230000e+002 8.475288e-001
6.240000e+002 1.281723e+000
6.250000e+002 1.334958e+000
6.260000e+002 1.399637e+000
6.270000e+002 1.251374e+000
6.280000e+002 1.167237e+000
6.290000e+002 1.247881e+000
6.300000e+002 1.287367e+000
6.310000e+002 1.446009e+000
6.320000e+002 1.169142e+000
6.330000e+002 7.522407e-001
6.340000e+002 -4.908156e-002
6.350000e+002 -7.649255e-001
6.360000e+002 -1.168764e+000
6.370000e+002 -1.121026e+000
6.380000e+002 -4.401360e-001
6.390000e+002 3.479788e-001
6.400000e+002 1.211305e+000
6.410000e+002 1.502934e+000
6.420000e+002 1.408230e+000
6.430000e+002 7.702372e-001
6.440000e+002 -5.922942e-003
6.450000e+002 -6.981449e-001
6.460000e+002 -1.169307e+000
6.470000e+002 -1.177506e+000
6.480000e+002 -9.729086e-001
6.490000e+002 -3.921691e-001
6.500000e+002 2.225747e-001
6.510000e+002 9.097773e-001
6.520000e+002 1.436036e+000
6.530000e+002 1.674831e+000
6.540000e+002 1.676434e+000
6.550000e+002 1.325538e+000
6.560000e+002 9.666729e-001
6.570000e+002 5.595135e-001
6.580000e+002 3.755426e-001
6.590000e+002 3.052868e-001
6.600000e+002 2.373936e-001
6.610000e+002 1.067267e-001
6.620000e+002 -2.871999e-001
6.630000e+002 -6.930153e-001
6.640000e+002 -1.120267e+000
6.650000e+002 -1.240388e+000
6.660000e+002 -1.075625e+000
6.670000e+002 -7.004527e-001
6.680000e+002 -2.309162e-001
6.690000e+002 -2.785269e-002
6.700000e+002 -4.003266e-002
6.710000e+002 -4.623612e-001
6.720000e+002 -1.005684e+000
6.730000e+002 -1.566998e+000
6.740000e+002 -1.926371e+000
6.750000e+002 -1.859877e+000
6.760000e+002 -1.502985e+000
6.770000e+002 -7.266437e-001
6.780000e+002 4.117930e-002
6.790000e+002 7.757848e-001
6.800000e+002 1.138736e+000
6.810000e+002 1.091024e+000
6.820000e+002 7.825521e-001
6.830000e+002 2.585817e-001
6.840000e+002 2.584974e-002
6.850000e+002 -3.983614e-002
6.860000e+002 3.514108e-001
6.870000e+002 8.144968e-001
6.880000e+002 1.261495e+000
6.890000e+002 1.534837e+000
6.900000e+002 1.494702e+000
6.910000e+002 1.513795e+000
6.920000e+002 1.400718e+000
6.930000e+002 1.571474e+000
6.940000e+002 1.606725e+000
6.950000e+002 1.598109e+000
6.960000e+002 1.321725e+000
6.970000e+002 7.948668e-001
6.980000e+002 4.101136e-001
6.990000e+002 7.907832e-002
7.000000e+002 3.320497e-001
7.010000e+002 6.557087e-001
7.020000e+002 1.180646e+000
7.030000e+002 1.369314e+000
7.040000e+002 1.210021e+000
7.050000e+002 8.531896e-001
7.060000e+002 2.850370e-001
7.070000e+002 1.068113e-001
7.080000e+002 -9.704880e-002
7.090000e+002 3.211674e-002
7.100000e+002 -1.332391e-001
7.110000e+002 -4.275132e-001
7.120000e+002 -8.925563e-001
7.130000e+002 -1.379290e+000
7.140000e+002 -1.342025e+000
7.150000e+002 -1.089427e+000
7.160000e+002 -1.994302e-001
7.170000e+002 5.105349e-001
7.180000e+002 1.170671e+000
7.190000e+002 1.271059e+000
7.200000e+002 9.276463e-001
7.210000e+002 4.256451e-001
7.220000e+002 -3.287504e-001
7.230000e+002 -7.119606e-001
7.240000e+002 -1.232927e+000
7.250000e+002 -1.343766e+000
7.260000e+002 -1.532480e+000
7.270000e+002 -1.428487e+000
7.280000e+002 -1.079598e+000
7.290000e+002 -5.852346e-001
7.300000e+002 2.721471e-001
7.310000e+002 7.876673e-001
7.320000e+002 1.283375e+000
7.330000e+002 1.011295e+000
7.340000e+002 4.937769e-001
7.350000e+002 -3.875036e-001
7.360000e+002 -1.167831e+000
7.370000e+002 -1.455176e+000
7.380000e+002 -1.434039e+000
7.390000e+002 -7.016482e-001
7.400000e+002 -7.710587e-002
7.410000e+002 7.449594e-001
7.420000e+002 1.049480e+000
7.430000e+002 1.116387e+000
7.440000e+002 8.500482e-001
7.450000e+002 2.732810e-001
7.460000e+002 -1.963763e-001
7.470000e+002 -9.373595e-001
7.480000e+002 -1.315037e+000
7.490000e+002 -1.825493e+000
7.500000e+002 -1.867738e+000
7.510000e+002 -1.732553e+000
7.520000e+002 -1.272615e+000
7.530000e+002 -5.783122e-001
7.540000e+002 -1.411500e-001
7.550000e+002 2.314007e-001
7.560000e+002 -1.094413e-001
7.570000e+002 -5.225756e-001
7.580000e+002 -1.225721e+000
7.590000e+002 -1.510061e+000
7.600000e+002 -1.327838e+000
7.610000e+002 -7.050543e-001
7.620000e+002 3.057724e-001
7.630000e+002 9.211611e-001
7.640000e+002 1.287843e+000
7.650000e+002 7.902108e-001
7.660000e+002 8.768874e-002
7.670000e+002 -8.213369e-001
7.680000e+002 -1.384440e+000
7.690000e+002 -1.476348e+000
7.700000e+002 -1.350513e+000
7.710000e+002 -9.588757e-001
7.720000e+002 -9.792396e-001
7.730000e+002 -1.025230e+000
7.740000e+002 -1.404291e+000
7.750000e+002 -1.492176e+000
7.760000e+002 -1.306671e+000
7.770000e+002 -7.493356e-001
7.780000e+002 8.056653e-002
7.790000e+002 6.383661e-001
7.800000e+002 1.016023e+000
7.810000e+002 7.155713e-001
7.820000e+002 2.487344e-001
7.830000e+002 -5.200708e-001
7.840000e+002 -1.119916e+000
7.850000e+002 -1.526692e+000
7.860000e+002 -1.717465e+000
7.870000e+002 -1.542906e+000
7.880000e+002 -1.291825e+000
7.890000e+002 -6.495577e-001
7.900000e+002 -5.516374e-002
7.910000e+002 6.853519e-001
7.920000e+002 1.093421e+000
7.930000e+002 1.174630e+000
7.940000e+002 8.627259e-001
7.950000e+002 2.581408e-001
7.960000e+002 -1.522470e-001
7.970000e+002 -3.544828e-001
7.980000e+002 7.239491e-002
7.990000e+002 6.442389e-001
8.000000e+002 1.230381e+000
8.010000e+002 1.652529e+000
8.020000e+002 1.229813e+000
8.030000e+002 8.524280e-001
8.040000e+002 1.176957e-001
8.050000e+002 7.674918e-003
8.060000e+002 2.277234e-001
8.070000e+002 7.791394e-001
8.080000e+002 1.491473e+000
8.090000e+002 1.645111e+000
8.100000e+002 1.779445e+000
8.110000e+002 1.325519e+000
8.120000e+002 1.256107e+000
8.130000e+002 1.188679e+000
8.140000e+002 1.418513e+000
8.150000e+002 1.647517e+000
8.160000e+002 1.373190e+000
8.170000e+002 9.726321e-001
8.180000e+002 -3.353316e-002
8.190000e+002 -5.986050e-001
8.200000e+002 -1.007538e+000
8.210000e+002 -6.513416e-001
8.220000e+002 8.414119e-002
8.230000e+002 8.100673e-001
8.240000e+002 1.485600e+000
8.250000e+002 1.465600e+000
8.260000e+002 1.484161e+000
8.270000e+002 1.154002e+000
8.280000e+002 1.233864e+000
8.290000e+002 1.386612e+000
8.300000e+002 1.566621e+000
8.310000e+002 1.679657e+000
8.320000e+002 1.235282e+000
8.330000e+002 8.585126e-001
8.340000e+002 1.895113e-001
8.350000e+002 6.650905e-002
8.360000e+002 1.595719e-001
8.370000e+002 6.096795e-001
8.380000e+002 1.147711e+000
8.390000e+002 1.271327e+000
8.400000e+002 1.284281e+000
8.410000e+002 7.146991e-001
8.420000e+002 3.457475e-001
8.430000e+002 -1.057107e-001
8.440000e+002 -2.206166e-001
8.450000e+002 -2.000644e-001
8.460000e+002 -3.273471e-001
8.470000e+002 -4.210846e-001
8.480000e+002 -9.632837e-001
8.490000e+002 -1.277151e+000
8.500000e+002 -1.673788e+000
8.510000e+002 -1.587365e+000
8.520000e+002 -1.205800e+000
8.530000e+002 -6.415212e-001
8.540000e+002 1.420355e-001
8.550000e+002 5.772680e-001
8.560000e+002 1.100828e+000
8.570000e+002 1.191356e+000
8.580000e+002 1.360928e+000
8.590000e+002 1.326667e+000
8.600000e+002 1.153588e+000
8.610000e+002 8.990793e-001
8.620000e+002 2.170468e-001
8.630000e+002 -3.357421e-001
8.640000e+002 -1.092165e+000
8.650000e+002 -1.308307e+000
8.660000e+002 -1.210853e+000
8.670000e+002 -6.142201e-001
8.680000e+002 2.808089e-001
8.690000e+002 9.199607e-001
8.700000e+002 1.442587e+000
8.710000e+002 1.229330e+000
8.720000e+002 9.443741e-001
8.730000e+002 3.689796e-001
8.740000e+002 6.381452e-002
8.750000e+002 5.127192e-003
8.760000e+002 -3.871000e-002
8.770000e+002 5.289263e-002
8.780000e+002 -3.609191e-001
8.790000e+002 -6.930505e-001
8.800000e+002 -1.266896e+000
8.810000e+002 -1.393433e+000
8.820000e+002 -1.163207e+000
8.830000e+002 -6.594321e-001
8.840000e+002 2.930337e-002
8.850000e+002 1.420950e-001
8.860000e+002 4.436791e-002
8.870000e+002 -7.237533e-001
8.880000e+002 -1.285680e+000
8.890000e+002 -1.625556e+000
8.900000e+002 -1.389592e+000
8.910000e+002 -6.419087e-001
8.920000e+002 -7.129482e-002
8.930000e+002 3.853652e-001
8.940000e+002 -3.292847e-002
8.950000e+002 -5.978049e-001
8.960000e+002 -1.388467e+000
8.970000e+002 -1.667186e+000
8.980000e+002 -1.346497e+000
8.990000e+002 -7.385333e-001
9.000000e+002 1.102441e-001
9.010000e+002 2.722026e-001
9.020000e+002 1.526352e-001
9.030000e+002 -6.478366e-001
9.040000e+002 -1.294714e+000
9.050000e+002 -1.634980e+000
9.060000e+002 -1.454800e+000
9.070000e+002 -6.801109e-001
9.080000e+002 -9.184609e-002
9.090000e+002 4.340370e-001
9.100000e+002 1.153086e-001
9.110000e+002 -4.370458e-001
9.120000e+002 -1.262623e+000
9.130000e+002 -1.763777e+000
9.140000e+002 -1.647871e+000
9.150000e+002 -1.172548e+000
9.160000e+002 -1.587310e-001
9.170000e+002 5.263444e-001
9.180000e+002 1.136190e+000
9.190000e+002 1.098593e+000
9.200000e+002 8.016368e-001
9.210000e+002 2.912686e-001
9.220000e+002 -3.464696e-001
9.230000e+002 -7.352716e-001
9.240000e+002 -1.263641e+000
9.250000e+002 -1.432115e+000
9.260000e+002 -1.679781e+000
9.270000e+002 -1.537833e+000
9.280000e+002 -1.188273e+000
9.290000e+002 -5.789443e-001
9.300000e+002 2.710230e-001
9.310000e+002 8.346826e-001
9.320000e+002 1.248611e+000
9.330000e+002 9.360940e-001
9.340000e+002 3.590725e-001
9.350000e+002 -5.344526e-001
9.360000e+002 -1.217835e+000
9.370000e+002 -1.401793e+000
9.380000e+002 -1.150857e+000
9.390000e+002 -3.809491e-001
9.400000e+002 1.988414e-001
9.410000e+002 5.784232e-001
9.420000e+002 2.652990e-001
9.430000e+002 -4.124776e-001
9.440000e+002 -1.206439e+000
9.450000e+002 -1.732731e+000
9.460000e+002 -1.570583e+000
9.470000e+002 -9.661186e-001
9.480000e+002 7.247076e-002
9.490000e+002 8.778584e-001
9.500000e+002 1.339906e+000
9.510000e+002 1.247854e+000
9.520000e+002 7.887409e-001
9.530000e+002 3.303965e-001
9.540000e+002 -3.443176e-002
9.550000e+002 -5.866387e-002
9.560000e+002 -4.987106e-002
9.570000e+002 -5.051613e-002
9.580000e+002 -2.891825e-001
9.590000e+002 -7.094921e-001
9.600000e+002 -1.096271e+000
9.610000e+002 -1.322518e+000
9.620000e+002 -1.126424e+000
9.630000e+002 -7.399428e-001
9.640000e+002 -1.993294e-001
9.650000e+002 9.348717e-002
9.660000e+002 4.492271e-002
9.670000e+002 -3.525052e-001
9.680000e+002 -1.012861e+000
9.690000e+002 -1.542914e+000
9.700000e+002 -1.879120e+000
9.710000e+002 -1.711596e+000
9.720000e+002 -1.221150e+000
9.730000e+002 -4.815152e-001
9.740000e+002 2.877281e-001
9.750000e+002 8.058910e-001
9.760000e+002 1.140901e+000
9.770000e+002 1.108974e+000
9.780000e+002 1.050356e+000
9.790000e+002 9.270566e-001
9.800000e+002 9.784384e-001
9.810000e+002 1.179094e+000
9.820000e+002 1.340894e+000
9.830000e+002 1.462536e+000
9.840000e+002 1.155115e+000
9.850000e+002 6.910059e-001
9.860000e+002 -5.970639e-002
9.870000e+002 -6.461633e-001
9.880000e+002 -9.269695e-001
9.890000e+002 -7.970747e-001
9.900000e+002 -1.667112e-001
9.910000e+002 5.031006e-001
9.920000e+002 1.272419e+000
9.930000e+002 1.611000e+000
9.940000e+002 1.755164e+000
9.950000e+002 1.547698e+000
9.960000e+002 1.173661e+000
9.970000e+002 7.779913e-001
9.980000e+002 1.889745e-001
9.990000e+002 -2.492836e-001
1.000000e+003 -8.528024e-001
1.001000e+003 -1.104318e+000
1.002000e+003 -1.170859e+000
1.003000e+003 -7.545370e-001
1.004000e+003 2.162248e-003
1.005000e+003 7.551516e-001
1.006000e+003 1.443861e+000
1.007000e+003 1.449180e+000
1.008000e+003 1.149892e+000
1.009000e+003 2.914433e-001
1.010000e+003 -4.652179e-001
1.011000e+003 -1.033112e+000
1.012000e+003 -1.185851e+000
1.013000e+003 -8.003000e-001
1.014000e+003 -3.166449e-001
1.015000e+003 4.783359e-001
1.016000e+003 9.484732e-001
1.017000e+003 1.450907e+000
1.018000e+003 1.572621e+000
1.019000e+003 1.512861e+000
1.020000e+003 1.225652e+000
1.021000e+003 5.987247e-001
1.022000e+003 4.673147e-002
1.023000e+003 -6.980752e-001
1.024000e+003 -9.723415e-001
1.025000e+003 -1.130997e+000
1.026000e+003 -8.112283e-001
1.027000e+003 -3.794819e-001
1.028000e+003 -1.950658e-002
1.029000e+003 2.265354e-001
1.030000e+003 -4.791993e-002
1.031000e+003 -3.590557e-001
1.032000e+003 -1.039598e+000
1.033000e+003 -1.446764e+000
1.034000e+003 -1.787268e+000
1.035000e+003 -1.752898e+000
1.036000e+003 -1.361793e+000
1.037000e+003 -8.185555e-001
1.038000e+003 5.431896e-002
1.039000e+003 6.411542e-001
1.040000e+003 1.199922e+000
1.041000e+003 1.137375e+000
1.042000e+003 8.158747e-001
1.043000e+003 2.169314e-001
1.044000e+003 -3.053600e-001
1.045000e+003 -3.356799e-001
1.046000e+003 -6.527603e-002
1.047000e+003 7.249379e-001
1.048000e+003 1.247088e+000
1.049000e+003 1.573282e+000
1.050000e+003 1.232502e+000
1.051000e+003 5.986022e-001
1.052000e+003 3.980220e-003
1.053000e+003 -2.849388e-001
1.054000e+003 1.151037e-001
1.055000e+003 6.871184e-001
1.056000e+003 1.429233e+000
1.057000e+003 1.607712e+000
1.058000e+003 1.412308e+000
1.059000e+003 8.211497e-001
1.060000e+003 2.495361e-001
1.061000e+003 8.126148e-002
1.062000e+003 2.264741e-001
1.063000e+003 8.190287e-001
1.064000e+003 1.269417e+000
1.065000e+003 1.665328e+000
1.066000e+003 1.676415e+000
1.067000e+003 1.584162e+000
1.068000e+003 1.456211e+000
1.069000e+003 1.353017e+000
1.070000e+003 1.380347e+000
1.071000e+003 1.250584e+000
1.072000e+003 1.144847e+000
1.073000e+003 8.272576e-001
1.074000e+003 6.004677e-001
1.075000e+003 3.526291e-001
1.076000e+003 1.786357e-001
1.077000e+003 -1.824492e-002
1.078000e+003 -3.614116e-001
1.079000e+003 -7.150558e-001
1.080000e+003 -1.119668e+000
1.081000e+003 -1.213406e+000
1.082000e+003 -1.088734e+000
1.083000e+003 -6.510414e-001
1.084000e+003 -2.432756e-001
1.085000e+003 -3.796279e-002
1.086000e+003 -1.947644e-001
1.087000e+003 -6.815583e-001
1.088000e+003 -1.198503e+000
1.089000e+003 -1.611668e+000
1.090000e+003 -1.639668e+000
1.091000e+003 -1.486375e+000
1.092000e+003 -1.189838e+000
1.093000e+003 -1.074579e+000
1.094000e+003 -1.099262e+000
1.095000e+003 -1.221026e+000
1.096000e+003 -1.224054e+000
1.097000e+003 -9.067513e-001
1.098000e+003 -3.361171e-001
1.099000e+003 4.857631e-001
1.100000e+003 1.142116e+000
1.101000e+003 1.607007e+000
1.102000e+003 1.603732e+000
1.103000e+003 1.345659e+000
1.104000e+003 8.960235e-001
1.105000e+003 4.559361e-001
1.106000e+003 2.001399e-001
1.107000e+003 1.927152e-002
1.108000e+003 4.764386e-002
1.109000e+003 -7.031482e-002
1.110000e+003 -1.715036e-001
1.111000e+003 -5.346559e-001
1.112000e+003 -9.313819e-001
1.113000e+003 -1.341461e+000
1.114000e+003 -1.617603e+000
1.115000e+003 -1.504017e+000
1.116000e+003 -1.179664e+000
1.117000e+003 -4.269739e-001
1.118000e+003 2.394005e-001
1.119000e+003 9.229963e-001
1.120000e+003 1.247512e+000
1.121000e+003 1.262201e+000
1.122000e+003 1.202841e+000
1.123000e+003 1.062933e+000
1.124000e+003 1.203046e+000
1.125000e+003 1.385182e+000
1.126000e+003 1.649254e+000
1.127000e+003 1.658218e+000
1.128000e+003 1.343550e+000
1.129000e+003 8.029045e-001
1.130000e+003 1.632270e-001
1.131000e+003 -1.137993e-001
1.132000e+003 -4.889138e-002
1.133000e+003 5.127703e-001
1.134000e+003 1.115641e+000
1.135000e+003 1.513923e+000
1.136000e+003 1.382011e+000
1.137000e+003 6.920471e-001
1.138000e+003 -2.167318e-001
1.139000e+003 -1.073394e+000
1.140000e+003 -1.346007e+000
1.141000e+003 -1.074400e+000
1.142000e+003 -2.559888e-001
1.143000e+003 6.422956e-001
1.144000e+003 1.289919e+000
1.145000e+003 1.466336e+000
1.146000e+003 1.112001e+000
1.147000e+003 5.565294e-001
1.148000e+003 -2.095202e-002
1.149000e+003 -2.191607e-001
1.150000e+003 -5.586106e-002
1.151000e+003 4.834014e-001
1.152000e+003 1.143057e+000
1.153000e+003 1.668224e+000
1.154000e+003 1.912122e+000
1.155000e+003 1.710892e+000
1.156000e+003 1.209090e+000
1.157000e+003 4.653907e-001
1.158000e+003 -2.273161e-001
1.159000e+003 -7.603589e-001
1.160000e+003 -1.028509e+000
1.161000e+003 -1.072851e+000
1.162000e+003 -1.055836e+000
1.163000e+003 -1.061819e+000
1.164000e+003 -1.198709e+000
1.165000e+003 -1.352697e+000
1.166000e+003 -1.449200e+000
1.167000e+003 -1.357965e+000
1.168000e+003 -1.087177e+000
1.169000e+003 -7.421716e-001
1.170000e+003 -4.456670e-001
1.171000e+003 -2.966350e-001
1.172000e+003 -2.418944e-001
1.173000e+003 -1.655372e-001
1.174000e+003 6.493074e-002
1.175000e+003 4.799703e-001
1.176000e+003 9.543803e-001
1.177000e+003 1.282202e+000
1.178000e+003 1.273288e+000
1.179000e+003 8.641719e-001
1.180000e+003 1.921178e-001
1.181000e+003 -5.354104e-001
1.182000e+003 -1.031223e+000
1.183000e+003 -1.186995e+000
1.184000e+003 -9.539742e-001
1.185000e+003 -4.490883e-001
1.186000e+003 1.976199e-001
1.187000e+003 8.802853e-001
1.188000e+003 1.427274e+000
1.189000e+003 1.805240e+000
1.190000e+003 1.844312e+000
1.191000e+003 1.596725e+000
1.192000e+003 1.070514e+000
1.193000e+003 4.754298e-001
1.194000e+003 5.396029e-002
1.195000e+003 -6.014955e-002
1.196000e+003 2.339989e-001
1.197000e+003 6.619468e-001
1.198000e+003 1.089193e+000
1.199000e+003 1.186320e+000
1.200000e+003 1.003353e+000
1.201000e+003 6.125599e-001
1.202000e+003 2.304689e-001
1.203000e+003 5.539635e-002
1.204000e+003 -3.918984e-002
1.205000e+003 -6.119624e-002
1.206000e+003 -3.256193e-001
1.207000e+003 -6.927325e-001
1.208000e+003 -1.125589e+000
1.209000e+003 -1.301847e+000
1.210000e+003 -1.081192e+000
1.211000e+003 -5.888858e-001
1.212000e+003 2.452100e-002
1.213000e+003 2.547522e-001
1.214000e+003 1.078503e-001
1.215000e+003 -5.187024e-001
1.216000e+003 -1.149014e+000
1.217000e+003 -1.494361e+000
1.218000e+003 -1.327458e+000
1.219000e+003 -6.751771e-001
1.220000e+003 -8.932141e-003
1.221000e+003 4.625383e-001
1.222000e+003 2.831872e-001
1.223000e+003 -2.774902e-001
1.224000e+003 -1.089989e+000
1.225000e+003 -1.637345e+000
1.226000e+003 -1.656530e+000
1.227000e+003 -1.149865e+000
1.228000e+003 -1.825361e-001
1.229000e+003 6.979597e-001
1.230000e+003 1.389158e+000
1.231000e+003 1.447528e+000
1.232000e+003 1.063468e+000
1.233000e+003 2.676969e-001
1.234000e+003 -6.085964e-001
1.235000e+003 -1.223099e+000
1.236000e+003 -1.475687e+000
1.237000e+003 -1.084606e+000
1.238000e+003 -4.092223e-001
1.239000e+003 5.264232e-001
1.240000e+003 1.154355e+000
1.241000e+003 1.369322e+000
1.242000e+003 1.050192e+000
1.243000e+003 3.679032e-001
1.244000e+003 -2.068343e-001
1.245000e+003 -5.283521e-001
1.246000e+003 -1.926996e-001
1.247000e+003 4.246639e-001
1.248000e+003 1.238597e+000
1.249000e+003 1.685838e+000
1.250000e+003 1.633545e+000
1.251000e+003 1.094924e+000
1.252000e+003 2.098506e-001
1.253000e+003 -5.116588e-001
1.254000e+003 -1.047794e+000
1.255000e+003 -1.036834e+000
1.256000e+003 -7.900254e-001
1.257000e+003 -2.393107e-001
1.258000e+003 3.602293e-001
1.259000e+003 9.439607e-001
1.260000e+003 1.514469e+000
1.261000e+003 1.830143e+000
1.262000e+003 2.012836e+000
1.263000e+003 1.733612e+000
1.264000e+003 1.274995e+000
1.265000e+003 5.957810e-001
1.266000e+003 9.598982e-002
1.267000e+003 -4.698312e-002
1.268000e+003 2.022954e-001
1.269000e+003 8.260987e-001
1.270000e+003 1.313255e+000
1.271000e+003 1.589746e+000
1.272000e+003 1.259646e+000
1.273000e+003 6.667782e-001
1.274000e+003 -3.873861e-002
1.275000e+003 -4.114013e-001
1.276000e+003 -2.484727e-001
1.277000e+003 2.808661e-001
1.278000e+003 1.029808e+000
1.279000e+003 1.384324e+000
1.280000e+003 1.263277e+000
1.281000e+003 6.683739e-001
1.282000e+003 -3.130023e-001
1.283000e+003 -1.086114e+000
1.284000e+003 -1.421373e+000
1.285000e+003 -1.185588e+000
1.286000e+003 -3.899672e-001
1.287000e+003 4.498336e-001
1.288000e+003 1.270945e+000
1.289000e+003 1.511359e+000
1.290000e+003 1.378462e+000
1.291000e+003 7.693081e-001
1.292000e+003 -7.414474e-004
1.293000e+003 -6.529910e-001
1.294000e+003 -1.157610e+000
1.295000e+003 -1.141519e+000
1.296000e+003 -9.541519e-001
1.297000e+003 -3.452191e-001
1.298000e+003 2.265740e-001
1.299000e+003 8.230600e-001
1.300000e+003 1.243174e+000
1.301000e+003 1.365331e+000
1.302000e+003 1.422095e+000
1.303000e+003 1.137065e+000
1.304000e+003 9.569298e-001
1.305000e+003 4.960104e-001
1.306000e+003 7.647258e-002
1.307000e+003 -5.279359e-001
1.308000e+003 -1.185296e+000
1.309000e+003 -1.647285e+000
1.310000e+003 -1.995010e+000
1.311000e+003 -1.720316e+000
1.312000e+003 -1.299170e+000
1.313000e+003 -5.024405e-001
1.314000e+003 -1.024202e-002
1.315000e+003 1.361769e-001
1.316000e+003 -1.874319e-001
1.317000e+003 -9.232429e-001
1.318000e+003 -1.403005e+000
1.319000e+003 -1.715364e+000
1.320000e+003 -1.250310e+000
1.321000e+003 -6.691566e-001
1.322000e+003 3.725135e-002
1.323000e+003 2.685397e-001
1.324000e+003 -7.028203e-002
1.325000e+003 -6.428545e-001
1.326000e+003 -1.396486e+000
1.327000e+003 -1.495906e+000
1.328000e+003 -1.330726e+000
1.329000e+003 -5.873804e-001
1.330000e+003 -3.077257e-002
1.331000e+003 2.263316e-001
1.332000e+003 3.635242e-002
1.333000e+003 -6.118288e-001
1.334000e+003 -1.023267e+000
1.335000e+003 -1.393460e+000
1.336000e+003 -1.091497e+000
1.337000e+003 -7.743055e-001
1.338000e+003 -2.820147e-001
1.339000e+003 -2.814120e-002
1.340000e+003 -1.298113e-003
1.341000e+003 1.328799e-001
1.342000e+003 1.673006e-001
1.343000e+003 6.547810e-001
1.344000e+003 9.243062e-001
1.345000e+003 1.274363e+000
1.346000e+003 1.126470e+000
1.347000e+003 7.187531e-001
1.348000e+003 2.496519e-001
1.349000e+003 -1.784499e-001
1.350000e+003 2.804360e-002
1.351000e+003 3.708721e-001
1.352000e+003 1.184833e+000
1.353000e+003 1.648305e+000
1.354000e+003 1.917384e+000
1.355000e+003 1.706033e+000
1.356000e+003 1.135961e+000
1.357000e+003 6.052530e-001
1.358000e+003 -8.814806e-002
1.359000e+003 -3.901706e-001
1.360000e+003 -8.601888e-001
1.361000e+003 -1.050809e+000
1.362000e+003 -1.334118e+000
1.363000e+003 -1.406856e+000
1.364000e+003 -1.157686e+000
1.365000e+003 -7.312950e-001
1.366000e+003 1.262343e-001
1.367000e+003 7.188849e-001
1.368000e+003 1.288195e+000
1.369000e+003 1.220237e+000
1.370000e+003 9.088897e-001
1.371000e+003 3.808225e-001
1.372000e+003 -6.363633e-002
1.373000e+003 -4.058412e-002
1.374000e+003 1.501719e-001
1.375000e+003 7.866386e-001
1.376000e+003 1.166294e+000
1.377000e+003 1.531980e+000
1.378000e+003 1.501211e+000
1.379000e+003 1.351806e+000
1.380000e+003 1.228271e+000
1.381000e+003 1.093050e+000
1.382000e+003 1.242883e+000
1.383000e+003 1.189471e+000
1.384000e+003 1.207434e+000
1.385000e+003 8.192822e-001
1.386000e+003 3.244985e-001
1.387000e+003 -3.326486e-001
1.388000e+003 -9.636269e-001
1.389000e+003 -1.291521e+000
1.390000e+003 -1.487352e+000
1.391000e+003 -1.224326e+000
1.392000e+003 -9.310750e-001
1.393000e+003 -3.716252e-001
1.394000e+003 1.020153e-001
1.395000e+003 5.835247e-001
1.396000e+003 1.001552e+000
1.397000e+003 1.227084e+000
1.398000e+003 1.428468e+000
1.399000e+003 1.297534e+000
1.400000e+003 1.112234e+000
1.401000e+003 5.843376e-001
1.402000e+003 3.328800e-003
1.403000e+003 -6.638349e-001
1.404000e+003 -1.235682e+000
1.405000e+003 -1.520941e+000
1.406000e+003 -1.602337e+000
1.407000e+003 -1.297376e+000
1.408000e+003 -9.682348e-001
1.409000e+003 -5.386553e-001
1.410000e+003 -3.262056e-001
1.411000e+003 -2.229127e-001
1.412000e+003 -1.925082e-001
1.413000e+003 -1.166112e-001
1.414000e+003 2.025458e-001
1.415000e+003 5.934570e-001
1.416000e+003 1.072754e+000
1.417000e+003 1.238020e+000
1.418000e+003 1.107689e+000
1.419000e+003 5.971416e-001
1.420000e+003 4.232526e-004
1.421000e+003 -3.724167e-001
1.422000e+003 -3.207143e-001
1.423000e+003 2.577175e-001
1.424000e+003 1.000636e+000
1.425000e+003 1.625974e+000
1.426000e+003 1.650188e+000
1.427000e+003 1.069561e+000
1.428000e+003 1.222543e-002
1.429000e+003 -1.038494e+000
1.430000e+003 -1.645984e+000
1.431000e+003 -1.612538e+000
1.432000e+003 -9.857478e-001
1.433000e+003 -2.217033e-001
1.434000e+003 3.563198e-001
1.435000e+003 3.846358e-001
1.436000e+003 -1.443255e-002
1.437000e+003 -6.468573e-001
1.438000e+003 -1.112020e+000
1.439000e+003 -1.216592e+000
1.440000e+003 -1.044636e+000
1.441000e+003 -4.895391e-001
1.442000e+003 -3.006048e-001
1.443000e+003 -1.350275e-002
1.444000e+003 -5.593890e-002
1.445000e+003 6.256509e-002
1.446000e+003 3.546395e-001
1.447000e+003 6.666701e-001
1.448000e+003 1.171692e+000
1.449000e+003 1.149893e+000
1.450000e+003 1.108477e+000
1.451000e+003 5.650342e-001
1.452000e+003 2.278930e-001
1.453000e+003 4.754542e-002
1.454000e+003 1.834395e-001
1.455000e+003 7.318985e-001
1.456000e+003 1.083194e+000
1.457000e+003 1.584314e+000
1.458000e+003 1.538926e+000
1.459000e+003 1.579016e+000
1.460000e+003 1.406555e+000
1.461000e+003 1.358068e+000
1.462000e+003 1.434485e+000
1.463000e+003 1.295990e+000
1.464000e+003 1.300163e+000
1.465000e+003 8.563043e-001
1.466000e+003 6.663487e-001
1.467000e+003 3.130006e-001
1.468000e+003 2.398634e-001
1.469000e+003 2.105503e-001
1.470000e+003 -3.631234e-003
1.471000e+003 -2.007107e-001
1.472000e+003 -8.363495e-001
1.473000e+003 -1.106494e+000
1.474000e+003 -1.333991e+000
1.475000e+003 -8.409864e-001
1.476000e+003 -1.877752e-002
1.477000e+003 9.126651e-001
1.478000e+003 1.698730e+000
1.479000e+003 1.658925e+000
1.480000e+003 1.314181e+000
1.481000e+003 3.367918e-001
1.482000e+003 -2.614212e-001
1.483000e+003 -5.760202e-001
1.484000e+003 -2.540968e-001
1.485000e+003 4.986921e-001
1.486000e+003 1.057240e+000
1.487000e+003 1.504229e+000
1.488000e+003 1.093052e+000
1.489000e+003 5.486656e-001
1.490000e+003 -3.927287e-001
1.491000e+003 -9.958352e-001
1.492000e+003 -1.195034e+000
1.493000e+003 -1.022324e+000
1.494000e+003 -2.771538e-001
1.495000e+003 3.131064e-001
1.496000e+003 1.142558e+000
1.497000e+003 1.435280e+000
1.498000e+003 1.637776e+000
1.499000e+003 1.424103e+000
1.500000e+003 9.344186e-001
1.501000e+003 4.392070e-001
1.502000e+003 -3.350396e-001
1.503000e+003 -6.877204e-001
1.504000e+003 -1.154083e+000
1.505000e+003 -1.116409e+000
1.506000e+003 -1.109197e+000
1.507000e+003 -1.005302e+000
1.508000e+003 -9.235677e-001
1.509000e+003 -1.167143e+000
1.510000e+003 -1.189584e+000
1.511000e+003 -1.444517e+000
1.512000e+003 -1.116371e+000
1.513000e+003 -7.216271e-001
1.514000e+003 6.780660e-002
1.515000e+003 8.268943e-001
1.516000e+003 1.168945e+000
1.517000e+003 1.224835e+000
1.518000e+003 4.492756e-001
1.519000e+003 -2.842159e-001
1.520000e+003 -1.263560e+000
1.521000e+003 -1.580487e+000
1.522000e+003 -1.421153e+000
1.523000e+003 -7.561939e-001
1.524000e+003 2.926632e-001
1.525000e+003 9.447006e-001
1.526000e+003 1.512069e+000
1.527000e+003 1.244483e+000
1.528000e+003 9.370218e-001
1.529000e+003 3.383954e-001
1.530000e+003 -4.585683e-003
1.531000e+003 -3.285131e-002
1.532000e+003 -7.497887e-002
1.533000e+003 1.414943e-001
1.534000e+003 -1.938367e-001
1.535000e+003 -4.323764e-001
1.536000e+003 -1.068266e+000
1.537000e+003 -1.383770e+000
1.538000e+003 -1.391257e+000
1.539000e+003 -1.040874e+000
1.540000e+003 -1.508103e-001
1.541000e+003 4.929980e-001
1.542000e+003 1.252084e+000
1.543000e+003 1.247182e+000
1.544000e+003 1.068436e+000
1.545000e+003 4.210108e-001
1.546000e+003 -2.855060e-001
1.547000e+003 -7.748806e-001
1.548000e+003 -1.297258e+000
1.549000e+003 -1.299664e+000
1.550000e+003 -1.486290e+000
1.551000e+003 -1.213675e+000
1.552000e+003 -1.057069e+000
1.553000e+003 -6.158771e-001
1.554000e+003 -4.966235e-002
1.555000e+003 4.300499e-001
1.556000e+003 1.079480e+000
1.557000e+003 1.221004e+000
1.558000e+003 1.453150e+000
1.559000e+003 1.148150e+000
1.560000e+003 9.106440e-001
1.561000e+003 4.811551e-001
1.562000e+003 -1.483548e-002
1.563000e+003 -4.020486e-001
1.564000e+003 -1.051324e+000
1.565000e+003 -1.330949e+000
1.566000e+003 -1.746609e+000
1.567000e+003 -1.560852e+000
1.568000e+003 -1.209672e+000
1.569000e+003 -4.775841e-001
1.570000e+003 3.496612e-001
1.571000e+003 8.108603e-001
1.572000e+003 1.090408e+000
1.573000e+003 6.129891e-001
1.574000e+003 1.178060e-001
1.575000e+003 -6.982697e-001
1.576000e+003 -1.153762e+000
1.577000e+003 -1.382068e+000
1.578000e+003 -1.376273e+000
1.579000e+003 -1.097247e+000
1.580000e+003 -1.084217e+000
1.581000e+003 -9.304867e-001
1.582000e+003 -1.152766e+000
1.583000e+003 -1.134413e+000
1.584000e+003 -1.130313e+000
1.585000e+003 -8.329971e-001
1.586000e+003 -2.681847e-001
1.587000e+003 2.905648e-001
1.588000e+003 1.032996e+000
1.589000e+003 1.362955e+000
1.590000e+003 1.643888e+000
1.591000e+003 1.389190e+000
1.592000e+003 9.721852e-001
1.593000e+003 3.170455e-001
1.594000e+003 -3.835360e-001
1.595000e+003 -7.900329e-001
1.596000e+003 -1.049695e+000
1.597000e+003 -7.394451e-001
1.598000e+003 -3.296536e-001
1.599000e+003 4.019620e-001
1.600000e+003 9.836938e-001
1.601000e+003 1.460062e+000
1.602000e+003 1.660783e+000
1.603000e+003 1.527018e+000
1.604000e+003 1.243493e+000
1.605000e+003 6.385793e-001
1.606000e+003 8.113742e-002
1.607000e+003 -5.820770e-001
1.608000e+003 -9.589028e-001
1.609000e+003 -1.087707e+000
1.610000e+003 -8.381958e-001
1.611000e+003 -2.858711e-001
1.612000e+003 2.176105e-001
1.613000e+003 5.618363e-001
1.614000e+003 3.396502e-001
1.615000e+003 -2.047363e-001
1.616000e+003 -1.001646e+000
1.617000e+003 -1.527102e+000
1.618000e+003 -1.542865e+000
1.619000e+003 -9.738202e-001
1.620000e+003 4.195761e-002
1.621000e+003 9.804024e-001
1.622000e+003 1.595427e+000
1.623000e+003 1.531794e+000
1.624000e+003 1.016765e+000
1.625000e+003 2.627508e-001
1.626000e+003 -3.103232e-001
1.627000e+003 -4.746650e-001
1.628000e+003 -2.383162e-001
1.629000e+003 2.953908e-001
1.630000e+003 7.786834e-001
1.631000e+003 1.080264e+000
1.632000e+003 9.937204e-001
1.633000e+003 6.056066e-001
1.634000e+003 -4.399490e-002
1.635000e+003 -7.775412e-001
1.636000e+003 -1.426621e+000
1.637000e+003 -1.845392e+000
1.638000e+003 -1.893526e+000
1.639000e+003 -1.594329e+000
1.640000e+003 -1.014138e+000
1.641000e+003 -4.127108e-001
1.642000e+003 1.155275e-002
1.643000e+003 5.765747e-002
1.644000e+003 -2.379539e-001
1.645000e+003 -7.325556e-001
1.646000e+003 -1.144427e+000
1.647000e+003 -1.280126e+000
1.648000e+003 -1.086309e+000
1.649000e+003 -6.772462e-001
1.650000e+003 -2.869558e-001
1.651000e+003 -3.580907e-002
1.652000e+003 -9.132732e-003
1.653000e+003 -1.659691e-002
1.654000e+003 5.177701e-002
1.655000e+003 3.613311e-001
1.656000e+003 8.153544e-001
1.657000e+003 1.227460e+000
1.658000e+003 1.355508e+000
1.659000e+003 9.915222e-001
1.660000e+003 2.611184e-001
1.661000e+003 -6.811444e-001
1.662000e+003 -1.377794e+000
1.663000e+003 -1.628569e+000
1.664000e+003 -1.257879e+000
1.665000e+003 -4.355107e-001
1.666000e+003 5.027373e-001
1.667000e+003 1.233200e+000
1.668000e+003 1.393335e+000
1.669000e+003 1.037306e+000
1.670000e+003 2.041954e-001
1.671000e+003 -6.574898e-001
1.672000e+003 -1.289836e+000
1.673000e+003 -1.412807e+000
1.674000e+003 -1.017187e+000
1.675000e+003 -3.789706e-001
1.676000e+003 2.360756e-001
1.677000e+003 3.843963e-001
1.678000e+003 9.326863e-002
1.679000e+003 -6.153048e-001
1.680000e+003 -1.278226e+000
1.681000e+003 -1.598471e+000
1.682000e+003 -1.381184e+000
1.683000e+003 -7.026000e-001
1.684000e+003 -8.419913e-003
1.685000e+003 4.196777e-001
1.686000e+003 2.103585e-001
1.687000e+003 -4.249132e-001
1.688000e+003 -1.250741e+000
1.689000e+003 -1.757253e+000
1.690000e+003 -1.680228e+000
1.691000e+003 -1.043625e+000
1.692000e+003 -4.419111e-002
1.693000e+003 8.047299e-001
1.694000e+003 1.305281e+000
1.695000e+003 1.232258e+000
1.696000e+003 8.331819e-001
1.697000e+003 3.126101e-001
1.698000e+003 -7.063919e-002
1.699000e+003 -2.110683e-001
1.700000e+003 -2.434043e-001
1.701000e+003 -2.433241e-001
1.702000e+003 -4.406257e-001
1.703000e+003 -7.401806e-001
1.704000e+003 -1.121411e+000
1.705000e+003 -1.376602e+000
1.706000e+003 -1.439638e+000
1.707000e+003 -1.332968e+000
1.708000e+003 -1.146437e+000
1.709000e+003 -1.067755e+000
1.710000e+003 -1.080106e+000
1.711000e+003 -1.175226e+000
1.712000e+003 -1.125084e+000
1.713000e+003 -8.288575e-001
1.714000e+003 -2.268799e-001
1.715000e+003 5.332903e-001
1.716000e+003 1.215661e+000
1.717000e+003 1.607597e+000
1.718000e+003 1.591381e+000
1.719000e+003 1.270914e+000
1.720000e+003 8.110136e-001
1.721000e+003 4.463041e-001
1.722000e+003 2.260915e-001
1.723000e+003 1.375883e-001
1.724000e+003 1.555024e-002
1.725000e+003 -2.076128e-001
1.726000e+003 -5.664675e-001
1.727000e+003 -9.395177e-001
1.728000e+003 -1.213014e+000
1.729000e+003 -1.329666e+000
1.730000e+003 -1.305361e+000
1.731000e+003 -1.314700e+000
1.732000e+003 -1.373093e+000
1.733000e+003 -1.553271e+000
1.734000e+003 -1.637137e+000
1.735000e+003 -1.553503e+000
1.736000e+003 -1.190504e+000
1.737000e+003 -6.640671e-001
1.738000e+003 -2.332825e-001
1.739000e+003 -4.029158e-002
1.740000e+003 -2.738081e-001
1.741000e+003 -6.631153e-001
1.742000e+003 -1.110066e+000
1.743000e+003 -1.244955e+000
1.744000e+003 -1.094950e+000
1.745000e+003 -7.262731e-001
1.746000e+003 -3.189332e-001
1.747000e+003 -1.236324e-001
1.748000e+003 1.121586e-002
1.749000e+003 1.663399e-002
1.750000e+003 2.648917e-001
1.751000e+003 5.924652e-001
1.752000e+003 1.022127e+000
1.753000e+003 1.252416e+000
1.754000e+003 1.090147e+000
1.755000e+003 6.647224e-001
1.756000e+003 1.647102e-002
1.757000e+003 -2.649630e-001
1.758000e+003 -2.264827e-001
1.759000e+003 3.813561e-001
1.760000e+003 1.147153e+000
1.761000e+003 1.571135e+000
1.762000e+003 1.630315e+000
1.763000e+003 1.096097e+000
1.764000e+003 1.520627e-001
1.765000e+003 -6.157051e-001
1.766000e+003 -1.292853e+000
1.767000e+003 -1.224476e+000
1.768000e+003 -1.000865e+000
1.769000e+003 -3.094253e-001
1.770000e+003 2.686920e-001
1.771000e+003 8.060100e-001
1.772000e+003 1.213404e+000
1.773000e+003 1.310047e+000
1.774000e+003 1.438729e+000
1.775000e+003 1.164019e+000
1.776000e+003 9.949903e-001
1.777000e+003 4.927745e-001
1.778000e+003 8.062959e-002
1.779000e+003 -4.486562e-001
1.780000e+003 -9.675665e-001
1.781000e+003 -1.315857e+000
1.782000e+003 -1.650237e+000
1.783000e+003 -1.502595e+000
1.784000e+003 -1.240150e+000
1.785000e+003 -4.677236e-001
1.786000e+003 2.563262e-001
1.787000e+003 9.412473e-001
1.788000e+003 1.195290e+000
1.789000e+003 8.908480e-001
1.790000e+003 2.728152e-001
1.791000e+003 -6.471575e-001
1.792000e+003 -1.182115e+000
1.793000e+003 -1.461037e+000
1.794000e+003 -1.101517e+000
1.795000e+003 -5.909937e-001
1.796000e+003 -4.448200e-002
1.797000e+003 1.844362e-001
1.798000e+003 -5.757535e-002
1.799000e+003 -5.225911e-001
1.800000e+003 -1.234638e+000
1.801000e+003 -1.650256e+000
1.802000e+003 -1.933048e+000
1.803000e+003 -1.741274e+000
1.804000e+003 -1.391536e+000
1.805000e+003 -8.164223e-001
1.806000e+003 -1.842791e-001
1.807000e+003 3.772559e-001
1.808000e+003 9.155418e-001
1.809000e+003 1.091319e+000
1.810000e+003 1.100026e+000
1.811000e+003 6.087874e-001
1.812000e+003 1.858024e-002
1.813000e+003 -7.259123e-001
1.814000e+003 -1.199562e+000
1.815000e+003 -1.311201e+000
1.816000e+003 -1.058008e+000
1.817000e+003 -4.158778e-001
1.818000e+003 1.715863e-001
1.819000e+003 8.314199e-001
1.820000e+003 1.118245e+000
1.821000e+003 1.374724e+000
1.822000e+003 1.349872e+000
1.823000e+003 1.278630e+000
1.824000e+003 1.059632e+000
1.825000e+003 6.053331e-001
1.826000e+003 1.093277e-001
1.827000e+003 -6.432518e-001
1.828000e+003 -1.112214e+000
1.829000e+003 -1.559721e+000
1.830000e+003 -1.505171e+000
1.831000e+003 -1.310946e+000
1.832000e+003 -9.137006e-001
1.833000e+003 -5.062357e-001
1.834000e+003 -3.124343e-001
1.835000e+003 -4.369533e-002
1.836000e+003 -3.468164e-002
1.837000e+003 2.835375e-001
1.838000e+003 4.490019e-001
1.839000e+003 8.517029e-001
1.840000e+003 1.103560e+000
1.841000e+003 1.276683e+000
1.842000e+003 1.426123e+000
1.843000e+003 1.329594e+000
1.844000e+003 1.465742e+000
1.845000e+003 1.319977e+000
1.846000e+003 1.437687e+000
1.847000e+003 1.245311e+000
1.848000e+003 1.109509e+000
1.849000e+003 8.356962e-001
1.850000e+003 4.657619e-001
1.851000e+003 2.947626e-001
1.852000e+003 -7.462815e-002
1.853000e+003 -8.662510e-002
1.854000e+003 -4.251167e-001
1.855000e+003 -5.459447e-001
1.856000e+003 -9.430425e-001
1.857000e+003 -1.286236e+000
1.858000e+003 -1.512307e+000
1.859000e+003 -1.695445e+000
1.860000e+003 -1.326666e+000
1.861000e+003 -9.943609e-001
1.862000e+003 -1.255432e-001
1.863000e+003 4.538878e-001
1.864000e+003 1.090700e+000
1.865000e+003 1.289396e+000
1.866000e+003 1.082260e+000
1.867000e+003 6.896064e-001
1.868000e+003 -1.325659e-001
1.869000e+003 -5.848916e-001
1.870000e+003 -1.169603e+000
1.871000e+003 -1.098077e+000
1.872000e+003 -9.540888e-001
1.873000e+003 -4.382285e-001
1.874000e+003 1.816869e-001
1.875000e+003 6.643550e-001
1.876000e+003 1.298251e+000
1.877000e+003 1.447798e+000
1.878000e+003 1.743268e+000
1.879000e+003 1.446704e+000
1.880000e+003 1.149012e+000
1.881000e+003 4.893695e-001
1.882000e+003 -2.114515e-001
1.883000e+003 -6.681770e-001
1.884000e+003 -1.034156e+000
1.885000e+003 -6.846703e-001
1.886000e+003 -3.317002e-001
1.887000e+003 5.255843e-001
1.888000e+003 1.061301e+000
1.889000e+003 1.521918e+000
1.890000e+003 1.625432e+000
1.891000e+003 1.349351e+000
1.892000e+003 1.072187e+000
1.893000e+003 4.054013e-001
1.894000e+003 3.725880e-002
1.895000e+003 -6.138513e-001
1.896000e+003 -9.211989e-001
1.897000e+003 -1.265223e+000
1.898000e+003 -1.377490e+000
1.899000e+003 -1.226631e+000
1.900000e+003 -1.063408e+000
1.901000e+003 -5.041128e-001
1.902000e+003 -1.454878e-001
1.903000e+003 5.272043e-001
1.904000e+003 9.136230e-001
1.905000e+003 1.337794e+000
1.906000e+003 1.483209e+000
1.907000e+003 1.310782e+000
1.908000e+003 1.008116e+000
1.909000e+003 3.132419e-001
1.910000e+003 -1.732089e-001
1.911000e+003 -8.024753e-001
1.912000e+003 -1.025412e+000
1.913000e+003 -1.210594e+000
1.914000e+003 -1.209795e+000
1.915000e+003 -1.162290e+000
1.916000e+003 -1.249850e+000
1.917000e+003 -1.204412e+000
1.918000e+003 -1.331756e+000
1.919000e+003 -1.172470e+000
1.920000e+003 -1.043356e+000
1.921000e+003 -7.961879e-001
1.922000e+003 -4.983632e-001
1.923000e+003 -2.240922e-001
1.924000e+003 2.293932e-002
1.925000e+003 2.703322e-001
1.926000e+003 4.943537e-001
1.927000e+003 7.602012e-001
1.928000e+003 9.758374e-001
1.929000e+003 1.175042e+000
1.930000e+003 1.301279e+000
1.931000e+003 1.366534e+000
1.932000e+003 1.407521e+000
1.933000e+003 1.357052e+000
1.934000e+003 1.316855e+000
1.935000e+003 1.155670e+000
1.936000e+003 9.990848e-001
1.937000e+003 7.581652e-001
1.938000e+003 5.193423e-001
1.939000e+003 2.974688e-001
1.940000e+003 2.788439e-002
1.941000e+003 -1.861587e-001
1.942000e+003 -5.104266e-001
1.943000e+003 -7.491865e-001
1.944000e+003 -1.028810e+000
1.945000e+003 -1.172100e+000
1.946000e+003 -1.237623e+000
1.947000e+003 -1.251923e+000
1.948000e+003 -1.174121e+000
1.949000e+003 -1.193978e+000
1.950000e+003 -1.114594e+000
1.951000e+003 -1.117769e+000
1.952000e+003 -9.363785e-001
1.953000e+003 -6.762748e-001
1.954000e+003 -2.378067e-001
1.955000e+003 3.479697e-001
1.956000e+003 8.937350e-001
1.957000e+003 1.446804e+000
1.958000e+003 1.643400e+000
1.959000e+003 1.626571e+000
1.960000e+003 1.136819e+000
1.961000e+003 4.424617e-001
1.962000e+003 -3.541048e-001
1.963000e+003 -9.934671e-001
1.964000e+003 -1.147532e+000
1.965000e+003 -9.066841e-001
1.966000e+003 -1.371155e-001
1.967000e+003 6.190913e-001
1.968000e+003 1.268337e+000
1.969000e+003 1.390781e+000
1.970000e+003 1.076159e+000
1.971000e+003 5.258397e-001
1.972000e+003 -2.179340e-002
1.973000e+003 -1.158587e-001
1.974000e+003 8.704957e-002
1.975000e+003 7.077675e-001
1.976000e+003 1.226590e+000
1.977000e+003 1.592814e+000
1.978000e+003 1.603945e+000
1.979000e+003 1.381608e+000
1.980000e+003 1.187627e+000
1.981000e+003 1.020642e+000
1.982000e+003 1.126130e+000
1.983000e+003 1.147991e+000
1.984000e+003 1.162012e+000
1.985000e+003 8.422951e-001
1.986000e+003 3.265103e-001
1.987000e+003 -3.211822e-001
1.988000e+003 -9.773736e-001
1.989000e+003 -1.366673e+000
1.990000e+003 -1.581666e+000
1.991000e+003 -1.375839e+000
1.992000e+003 -1.004380e+000
1.993000e+003 -3.460568e-001
1.994000e+003 3.280117e-001
1.995000e+003 9.174552e-001
1.996000e+003 1.243480e+000
1.997000e+003 1.095921e+000
1.998000e+003 6.084592e-001
1.999000e+003 -2.412364e-001
2.000000e+003 -9.752843e-001
2.001000e+003 -1.462255e+000
2.002000e+003 -1.349609e+000
2.003000e+003 -7.356045e-001
2.004000e+003 2.002401e-001
2.005000e+003 1.128336e+000
2.006000e+003 1.628195e+000
2.007000e+003 1.648430e+000
2.008000e+003 1.093785e+000
2.009000e+003 3.914231e-001
2.010000e+003 -2.611103e-001
2.011000e+003 -4.564045e-001
2.012000e+003 -1.965472e-001
2.013000e+003 4.164959e-001
2.014000e+003 1.090353e+000
2.015000e+003 1.422032e+000
2.016000e+003 1.303379e+000
2.017000e+003 5.934598e-001
2.018000e+003 -2.970273e-001
2.019000e+003 -1.139135e+000
2.020000e+003 -1.434241e+000
2.021000e+003 -1.132561e+000
2.022000e+003 -2.995686e-001
2.023000e+003 7.010121e-001
2.024000e+003 1.384053e+000
2.025000e+003 1.563612e+000
2.026000e+003 1.072440e+000
2.027000e+003 3.830102e-001
2.028000e+003 -2.750390e-001
2.029000e+003 -3.785800e-001
2.030000e+003 1.345211e-002
2.031000e+003 7.518338e-001
2.032000e+003 1.437445e+000
2.033000e+003 1.627421e+000
2.034000e+003 1.371369e+000
2.035000e+003 6.430961e-001
2.036000e+003 7.474543e-002
2.037000e+003 -2.287141e-001
2.038000e+003 8.272904e-002
2.039000e+003 7.011095e-001
2.040000e+003 1.330973e+000
2.041000e+003 1.678667e+000
2.042000e+003 1.429284e+000
2.043000e+003 9.425616e-001
2.044000e+003 2.324541e-001
2.045000e+003 -4.281353e-002
2.046000e+003 6.738991e-003
2.047000e+003 5.510187e-001
