0.000000e+00 1.577637e+00
1.562500e-05 1.577637e+00
3.125000e-05 1.577637e+00
4.687500e-05 1.577637e+00
6.250000e-05 0.000000e+00
7.812500e-05 0.000000e+00
9.375000e-05 0.000000e+00
1.093750e-04 0.000000e+00
1.250000e-04 2.299805e-01
1.406250e-04 2.299805e-01
1.562500e-04 2.299805e-01
1.718750e-04 2.299805e-01
1.875000e-04 0.000000e+00
2.031250e-04 0.000000e+00
2.187500e-04 0.000000e+00
2.343750e-04 0.000000e+00
2.500000e-04 -1.265137e+00
2.656250e-04 -1.265137e+00
2.812500e-04 -1.265137e+00
2.968750e-04 -1.265137e+00
3.125000e-04 0.000000e+00
3.281250e-04 0.000000e+00
3.437500e-04 0.000000e+00
3.593750e-04 0.000000e+00
3.750000e-04 -2.000000e+00
3.906250e-04 -2.000000e+00
4.062500e-04 -2.000000e+00
4.218750e-04 -2.000000e+00
4.375000e-04 0.000000e+00
4.531250e-04 0.000000e+00
4.687500e-04 0.000000e+00
4.843750e-04 0.000000e+00
5.000000e-04 -1.577637e+00
5.156250e-04 -1.577637e+00
5.312500e-04 -1.577637e+00
5.468750e-04 -1.577637e+00
5.625000e-04 0.000000e+00
5.781250e-04 0.000000e+00
5.937500e-04 0.000000e+00
6.093750e-04 0.000000e+00
6.250000e-04 -2.143555e-01
6.406250e-04 -2.143555e-01
6.562500e-04 -2.143555e-01
6.718750e-04 -2.143555e-01
6.875000e-04 0.000000e+00
7.031250e-04 0.000000e+00
7.187500e-04 0.000000e+00
7.343750e-04 0.000000e+00
7.500000e-04 1.265137e+00
7.656250e-04 1.265137e+00
7.812500e-04 1.265137e+00
7.968750e-04 1.265137e+00
8.125000e-04 0.000000e+00
8.281250e-04 0.000000e+00
8.437500e-04 0.000000e+00
8.593750e-04 0.000000e+00
8.750000e-04 2.000000e+00
8.906250e-04 2.000000e+00
9.062500e-04 2.000000e+00
9.218750e-04 2.000000e+00
9.375000e-04 0.000000e+00
9.531250e-04 0.000000e+00
9.687500e-04 0.000000e+00
9.843750e-04 0.000000e+00
1.000000e-03 1.577637e+00
1.015625e-03 1.577637e+00
1.031250e-03 1.577637e+00
1.046875e-03 1.577637e+00
1.062500e-03 0.000000e+00
1.078125e-03 0.000000e+00
1.093750e-03 0.000000e+00
1.109375e-03 0.000000e+00
1.125000e-03 2.065430e-01
1.140625e-03 2.065430e-01
1.156250e-03 2.065430e-01
1.171875e-03 2.065430e-01
1.187500e-03 0.000000e+00
1.203125e-03 0.000000e+00
1.218750e-03 0.000000e+00
1.234375e-03 0.000000e+00
1.250000e-03 -1.265137e+00
1.265625e-03 -1.265137e+00
1.281250e-03 -1.265137e+00
1.296875e-03 -1.265137e+00
1.312500e-03 0.000000e+00
1.328125e-03 0.000000e+00
1.343750e-03 0.000000e+00
1.359375e-03 0.000000e+00
1.375000e-03 -1.952637e+00
1.390625e-03 -1.952637e+00
1.406250e-03 -1.952637e+00
1.421875e-03 -1.952637e+00
1.437500e-03 0.000000e+00
1.453125e-03 0.000000e+00
1.468750e-03 0.000000e+00
1.484375e-03 0.000000e+00
1.500000e-03 -1.515137e+00
1.515625e-03 -1.515137e+00
1.531250e-03 -1.515137e+00
1.546875e-03 -1.515137e+00
1.562500e-03 0.000000e+00
1.578125e-03 0.000000e+00
1.593750e-03 0.000000e+00
1.609375e-03 0.000000e+00
1.625000e-03 -1.518555e-01
1.640625e-03 -1.518555e-01
1.656250e-03 -1.518555e-01
1.671875e-03 -1.518555e-01
1.687500e-03 0.000000e+00
1.703125e-03 0.000000e+00
1.718750e-03 0.000000e+00
1.734375e-03 0.000000e+00
1.750000e-03 1.327637e+00
1.765625e-03 1.327637e+00
1.781250e-03 1.327637e+00
1.796875e-03 1.327637e+00
1.812500e-03 0.000000e+00
1.828125e-03 0.000000e+00
1.843750e-03 0.000000e+00
1.859375e-03 0.000000e+00
1.875000e-03 2.000000e+00
1.890625e-03 2.000000e+00
1.906250e-03 2.000000e+00
1.921875e-03 2.000000e+00
1.937500e-03 0.000000e+00
1.953125e-03 0.000000e+00
1.968750e-03 0.000000e+00
1.984375e-03 0.000000e+00
2.000000e-03 1.515137e+00
2.015625e-03 1.515137e+00
2.031250e-03 1.515137e+00
2.046875e-03 1.515137e+00
2.062500e-03 0.000000e+00
2.078125e-03 0.000000e+00
2.093750e-03 0.000000e+00
2.109375e-03 0.000000e+00
2.125000e-03 1.518555e-01
2.140625e-03 1.518555e-01
2.156250e-03 1.518555e-01
2.171875e-03 1.518555e-01
2.187500e-03 0.000000e+00
2.203125e-03 0.000000e+00
2.218750e-03 0.000000e+00
2.234375e-03 0.000000e+00
2.250000e-03 -1.327637e+00
2.265625e-03 -1.327637e+00
2.281250e-03 -1.327637e+00
2.296875e-03 -1.327637e+00
2.312500e-03 0.000000e+00
2.328125e-03 0.000000e+00
2.343750e-03 0.000000e+00
2.359375e-03 0.000000e+00
2.375000e-03 -2.000000e+00
2.390625e-03 -2.000000e+00
2.406250e-03 -2.000000e+00
2.421875e-03 -2.000000e+00
2.437500e-03 0.000000e+00
2.453125e-03 0.000000e+00
2.468750e-03 0.000000e+00
2.484375e-03 0.000000e+00
2.500000e-03 -1.515137e+00
2.515625e-03 -1.515137e+00
2.531250e-03 -1.515137e+00
2.546875e-03 -1.515137e+00
2.562500e-03 0.000000e+00
2.578125e-03 0.000000e+00
2.593750e-03 0.000000e+00
2.609375e-03 0.000000e+00
2.625000e-03 -1.127930e-01
2.640625e-03 -1.127930e-01
2.656250e-03 -1.127930e-01
2.671875e-03 -1.127930e-01
2.687500e-03 0.000000e+00
2.703125e-03 0.000000e+00
2.718750e-03 0.000000e+00
2.734375e-03 0.000000e+00
2.750000e-03 1.327637e+00
2.765625e-03 1.327637e+00
2.781250e-03 1.327637e+00
2.796875e-03 1.327637e+00
2.812500e-03 0.000000e+00
2.828125e-03 0.000000e+00
2.843750e-03 0.000000e+00
2.859375e-03 0.000000e+00
2.875000e-03 2.000000e+00
2.890625e-03 2.000000e+00
2.906250e-03 2.000000e+00
2.921875e-03 2.000000e+00
2.937500e-03 0.000000e+00
2.953125e-03 0.000000e+00
2.968750e-03 0.000000e+00
2.984375e-03 0.000000e+00
3.000000e-03 1.452637e+00
3.015625e-03 1.452637e+00
3.031250e-03 1.452637e+00
3.046875e-03 1.452637e+00
3.062500e-03 0.000000e+00
3.078125e-03 0.000000e+00
3.093750e-03 0.000000e+00
3.109375e-03 0.000000e+00
3.125000e-03 8.740234e-02
3.140625e-03 8.740234e-02
3.156250e-03 8.740234e-02
3.171875e-03 8.740234e-02
3.187500e-03 0.000000e+00
3.203125e-03 0.000000e+00
3.218750e-03 0.000000e+00
3.234375e-03 0.000000e+00
3.250000e-03 -1.327637e+00
3.265625e-03 -1.327637e+00
3.281250e-03 -1.327637e+00
3.296875e-03 -1.327637e+00
3.312500e-03 0.000000e+00
3.328125e-03 0.000000e+00
3.343750e-03 0.000000e+00
3.359375e-03 0.000000e+00
3.375000e-03 -2.000000e+00
3.390625e-03 -2.000000e+00
3.406250e-03 -2.000000e+00
3.421875e-03 -2.000000e+00
3.437500e-03 0.000000e+00
3.453125e-03 0.000000e+00
3.468750e-03 0.000000e+00
3.484375e-03 0.000000e+00
3.500000e-03 -1.452637e+00
3.515625e-03 -1.452637e+00
3.531250e-03 -1.452637e+00
3.546875e-03 -1.452637e+00
3.562500e-03 0.000000e+00
3.578125e-03 0.000000e+00
3.593750e-03 0.000000e+00
3.609375e-03 0.000000e+00
3.625000e-03 -7.568359e-02
3.640625e-03 -7.568359e-02
3.656250e-03 -7.568359e-02
3.671875e-03 -7.568359e-02
3.687500e-03 0.000000e+00
3.703125e-03 0.000000e+00
3.718750e-03 0.000000e+00
3.734375e-03 0.000000e+00
3.750000e-03 1.390137e+00
3.765625e-03 1.390137e+00
3.781250e-03 1.390137e+00
3.796875e-03 1.390137e+00
3.812500e-03 0.000000e+00
3.828125e-03 0.000000e+00
3.843750e-03 0.000000e+00
3.859375e-03 0.000000e+00
3.875000e-03 2.000000e+00
3.890625e-03 2.000000e+00
3.906250e-03 2.000000e+00
3.921875e-03 2.000000e+00
3.937500e-03 0.000000e+00
3.953125e-03 0.000000e+00
3.968750e-03 0.000000e+00
3.984375e-03 0.000000e+00
4.000000e-03 1.452637e+00
4.015625e-03 1.452637e+00
4.031250e-03 1.452637e+00
4.046875e-03 1.452637e+00
4.062500e-03 0.000000e+00
4.078125e-03 0.000000e+00
4.093750e-03 0.000000e+00
4.109375e-03 0.000000e+00
4.125000e-03 3.564453e-02
4.140625e-03 3.564453e-02
4.156250e-03 3.564453e-02
4.171875e-03 3.564453e-02
4.187500e-03 0.000000e+00
4.203125e-03 0.000000e+00
4.218750e-03 0.000000e+00
4.234375e-03 0.000000e+00
4.250000e-03 -1.390137e+00
4.265625e-03 -1.390137e+00
4.281250e-03 -1.390137e+00
4.296875e-03 -1.390137e+00
4.312500e-03 0.000000e+00
4.328125e-03 0.000000e+00
4.343750e-03 0.000000e+00
4.359375e-03 0.000000e+00
4.375000e-03 -2.000000e+00
4.390625e-03 -2.000000e+00
4.406250e-03 -2.000000e+00
4.421875e-03 -2.000000e+00
4.437500e-03 0.000000e+00
4.453125e-03 0.000000e+00
4.468750e-03 0.000000e+00
4.484375e-03 0.000000e+00
4.500000e-03 -1.452637e+00
4.515625e-03 -1.452637e+00
4.531250e-03 -1.452637e+00
4.546875e-03 -1.452637e+00
4.562500e-03 0.000000e+00
4.578125e-03 0.000000e+00
4.593750e-03 0.000000e+00
4.609375e-03 0.000000e+00
4.625000e-03 -2.197266e-02
4.640625e-03 -2.197266e-02
4.656250e-03 -2.197266e-02
4.671875e-03 -2.197266e-02
4.687500e-03 0.000000e+00
4.703125e-03 0.000000e+00
4.718750e-03 0.000000e+00
4.734375e-03 0.000000e+00
4.750000e-03 1.390137e+00
4.765625e-03 1.390137e+00
4.781250e-03 1.390137e+00
4.796875e-03 1.390137e+00
4.812500e-03 0.000000e+00
4.828125e-03 0.000000e+00
4.843750e-03 0.000000e+00
4.859375e-03 0.000000e+00
4.875000e-03 2.000000e+00
4.890625e-03 2.000000e+00
4.906250e-03 2.000000e+00
4.921875e-03 2.000000e+00
4.937500e-03 0.000000e+00
4.953125e-03 0.000000e+00
4.968750e-03 0.000000e+00
4.984375e-03 0.000000e+00
5.000000e-03 1.390137e+00
5.015625e-03 1.390137e+00
5.031250e-03 1.390137e+00
5.046875e-03 1.390137e+00
5.062500e-03 0.000000e+00
5.078125e-03 0.000000e+00
5.093750e-03 0.000000e+00
5.109375e-03 0.000000e+00
5.125000e-03 -6.835938e-03
5.140625e-03 -6.835938e-03
5.156250e-03 -6.835938e-03
5.171875e-03 -6.835938e-03
5.187500e-03 0.000000e+00
5.203125e-03 0.000000e+00
5.218750e-03 0.000000e+00
5.234375e-03 0.000000e+00
5.250000e-03 -1.390137e+00
5.265625e-03 -1.390137e+00
5.281250e-03 -1.390137e+00
5.296875e-03 -1.390137e+00
5.312500e-03 0.000000e+00
5.328125e-03 0.000000e+00
5.343750e-03 0.000000e+00
5.359375e-03 0.000000e+00
5.375000e-03 -2.000000e+00
5.390625e-03 -2.000000e+00
5.406250e-03 -2.000000e+00
5.421875e-03 -2.000000e+00
5.437500e-03 0.000000e+00
5.453125e-03 0.000000e+00
5.468750e-03 0.000000e+00
5.484375e-03 0.000000e+00
5.500000e-03 -1.390137e+00
5.515625e-03 -1.390137e+00
5.531250e-03 -1.390137e+00
5.546875e-03 -1.390137e+00
5.562500e-03 0.000000e+00
5.578125e-03 0.000000e+00
5.593750e-03 0.000000e+00
5.609375e-03 0.000000e+00
5.625000e-03 3.759766e-02
5.640625e-03 3.759766e-02
5.656250e-03 3.759766e-02
5.671875e-03 3.759766e-02
5.687500e-03 0.000000e+00
5.703125e-03 0.000000e+00
5.718750e-03 0.000000e+00
5.734375e-03 0.000000e+00
5.750000e-03 1.452637e+00
5.765625e-03 1.452637e+00
5.781250e-03 1.452637e+00
5.796875e-03 1.452637e+00
5.812500e-03 0.000000e+00
5.828125e-03 0.000000e+00
5.843750e-03 0.000000e+00
5.859375e-03 0.000000e+00
5.875000e-03 2.000000e+00
5.890625e-03 2.000000e+00
5.906250e-03 2.000000e+00
5.921875e-03 2.000000e+00
5.937500e-03 0.000000e+00
5.953125e-03 0.000000e+00
5.968750e-03 0.000000e+00
5.984375e-03 0.000000e+00
6.000000e-03 1.390137e+00
6.015625e-03 1.390137e+00
6.031250e-03 1.390137e+00
6.046875e-03 1.390137e+00
6.062500e-03 0.000000e+00
6.078125e-03 0.000000e+00
6.093750e-03 0.000000e+00
6.109375e-03 0.000000e+00
6.125000e-03 -5.224609e-02
6.140625e-03 -5.224609e-02
6.156250e-03 -5.224609e-02
6.171875e-03 -5.224609e-02
6.187500e-03 0.000000e+00
6.203125e-03 0.000000e+00
6.218750e-03 0.000000e+00
6.234375e-03 0.000000e+00
6.250000e-03 -1.452637e+00
6.265625e-03 -1.452637e+00
6.281250e-03 -1.452637e+00
6.296875e-03 -1.452637e+00
6.312500e-03 0.000000e+00
6.328125e-03 0.000000e+00
6.343750e-03 0.000000e+00
6.359375e-03 0.000000e+00
6.375000e-03 -2.000000e+00
6.390625e-03 -2.000000e+00
6.406250e-03 -2.000000e+00
6.421875e-03 -2.000000e+00
6.437500e-03 0.000000e+00
6.453125e-03 0.000000e+00
6.468750e-03 0.000000e+00
6.484375e-03 0.000000e+00
6.500000e-03 -1.327637e+00
6.515625e-03 -1.327637e+00
6.531250e-03 -1.327637e+00
6.546875e-03 -1.327637e+00
6.562500e-03 0.000000e+00
6.578125e-03 0.000000e+00
6.593750e-03 0.000000e+00
6.609375e-03 0.000000e+00
6.625000e-03 8.740234e-02
6.640625e-03 8.740234e-02
6.656250e-03 8.740234e-02
6.671875e-03 8.740234e-02
6.687500e-03 0.000000e+00
6.703125e-03 0.000000e+00
6.718750e-03 0.000000e+00
6.734375e-03 0.000000e+00
6.750000e-03 1.452637e+00
6.765625e-03 1.452637e+00
6.781250e-03 1.452637e+00
6.796875e-03 1.452637e+00
6.812500e-03 0.000000e+00
6.828125e-03 0.000000e+00
6.843750e-03 0.000000e+00
6.859375e-03 0.000000e+00
6.875000e-03 2.000000e+00
6.890625e-03 2.000000e+00
6.906250e-03 2.000000e+00
6.921875e-03 2.000000e+00
6.937500e-03 0.000000e+00
6.953125e-03 0.000000e+00
6.968750e-03 0.000000e+00
6.984375e-03 0.000000e+00
7.000000e-03 1.327637e+00
7.015625e-03 1.327637e+00
7.031250e-03 1.327637e+00
7.046875e-03 1.327637e+00
7.062500e-03 0.000000e+00
7.078125e-03 0.000000e+00
7.093750e-03 0.000000e+00
7.109375e-03 0.000000e+00
7.125000e-03 -1.069336e-01
7.140625e-03 -1.069336e-01
7.156250e-03 -1.069336e-01
7.171875e-03 -1.069336e-01
7.187500e-03 0.000000e+00
7.203125e-03 0.000000e+00
7.218750e-03 0.000000e+00
7.234375e-03 0.000000e+00
7.250000e-03 -1.515137e+00
7.265625e-03 -1.515137e+00
7.281250e-03 -1.515137e+00
7.296875e-03 -1.515137e+00
7.312500e-03 0.000000e+00
7.328125e-03 0.000000e+00
7.343750e-03 0.000000e+00
7.359375e-03 0.000000e+00
7.375000e-03 -2.000000e+00
7.390625e-03 -2.000000e+00
7.406250e-03 -2.000000e+00
7.421875e-03 -2.000000e+00
7.437500e-03 0.000000e+00
7.453125e-03 0.000000e+00
7.468750e-03 0.000000e+00
7.484375e-03 0.000000e+00
7.500000e-03 -1.327637e+00
7.515625e-03 -1.327637e+00
7.531250e-03 -1.327637e+00
7.546875e-03 -1.327637e+00
7.562500e-03 0.000000e+00
7.578125e-03 0.000000e+00
7.593750e-03 0.000000e+00
7.609375e-03 0.000000e+00
7.625000e-03 1.284180e-01
7.640625e-03 1.284180e-01
7.656250e-03 1.284180e-01
7.671875e-03 1.284180e-01
7.687500e-03 0.000000e+00
7.703125e-03 0.000000e+00
7.718750e-03 0.000000e+00
7.734375e-03 0.000000e+00
7.750000e-03 1.515137e+00
7.765625e-03 1.515137e+00
7.781250e-03 1.515137e+00
7.796875e-03 1.515137e+00
7.812500e-03 0.000000e+00
7.828125e-03 0.000000e+00
7.843750e-03 0.000000e+00
7.859375e-03 0.000000e+00
7.875000e-03 2.000000e+00
7.890625e-03 2.000000e+00
7.906250e-03 2.000000e+00
7.921875e-03 2.000000e+00
7.937500e-03 0.000000e+00
7.953125e-03 0.000000e+00
7.968750e-03 0.000000e+00
7.984375e-03 0.000000e+00
8.000000e-03 1.327637e+00
8.015625e-03 1.327637e+00
8.031250e-03 1.327637e+00
8.046875e-03 1.327637e+00
8.062500e-03 0.000000e+00
8.078125e-03 0.000000e+00
8.093750e-03 0.000000e+00
8.109375e-03 0.000000e+00
8.125000e-03 -1.596680e-01
8.140625e-03 -1.596680e-01
8.156250e-03 -1.596680e-01
8.171875e-03 -1.596680e-01
8.187500e-03 0.000000e+00
8.203125e-03 0.000000e+00
8.218750e-03 0.000000e+00
8.234375e-03 0.000000e+00
8.250000e-03 -1.515137e+00
8.265625e-03 -1.515137e+00
8.281250e-03 -1.515137e+00
8.296875e-03 -1.515137e+00
8.312500e-03 0.000000e+00
8.328125e-03 0.000000e+00
8.343750e-03 0.000000e+00
8.359375e-03 0.000000e+00
8.375000e-03 -2.000000e+00
8.390625e-03 -2.000000e+00
8.406250e-03 -2.000000e+00
8.421875e-03 -2.000000e+00
8.437500e-03 0.000000e+00
8.453125e-03 0.000000e+00
8.468750e-03 0.000000e+00
8.484375e-03 0.000000e+00
8.500000e-03 -1.265137e+00
8.515625e-03 -1.265137e+00
8.531250e-03 -1.265137e+00
8.546875e-03 -1.265137e+00
8.562500e-03 0.000000e+00
8.578125e-03 0.000000e+00
8.593750e-03 0.000000e+00
8.609375e-03 0.000000e+00
8.625000e-03 1.752930e-01
8.640625e-03 1.752930e-01
8.656250e-03 1.752930e-01
8.671875e-03 1.752930e-01
8.687500e-03 0.000000e+00
8.703125e-03 0.000000e+00
8.718750e-03 0.000000e+00
8.734375e-03 0.000000e+00
8.750000e-03 1.515137e+00
8.765625e-03 1.515137e+00
8.781250e-03 1.515137e+00
8.796875e-03 1.515137e+00
8.812500e-03 0.000000e+00
8.828125e-03 0.000000e+00
8.843750e-03 0.000000e+00
8.859375e-03 0.000000e+00
8.875000e-03 2.000000e+00
8.890625e-03 2.000000e+00
8.906250e-03 2.000000e+00
8.921875e-03 2.000000e+00
8.937500e-03 0.000000e+00
8.953125e-03 0.000000e+00
8.968750e-03 0.000000e+00
8.984375e-03 0.000000e+00
9.000000e-03 1.265137e+00
9.015625e-03 1.265137e+00
9.031250e-03 1.265137e+00
9.046875e-03 1.265137e+00
9.062500e-03 0.000000e+00
9.078125e-03 0.000000e+00
9.093750e-03 0.000000e+00
9.109375e-03 0.000000e+00
9.125000e-03 -2.143555e-01
9.140625e-03 -2.143555e-01
9.156250e-03 -2.143555e-01
9.171875e-03 -2.143555e-01
9.187500e-03 0.000000e+00
9.203125e-03 0.000000e+00
9.218750e-03 0.000000e+00
9.234375e-03 0.000000e+00
9.250000e-03 -1.577637e+00
9.265625e-03 -1.577637e+00
9.281250e-03 -1.577637e+00
9.296875e-03 -1.577637e+00
9.312500e-03 0.000000e+00
9.328125e-03 0.000000e+00
9.343750e-03 0.000000e+00
9.359375e-03 0.000000e+00
9.375000e-03 -2.000000e+00
9.390625e-03 -2.000000e+00
9.406250e-03 -2.000000e+00
9.421875e-03 -2.000000e+00
9.437500e-03 0.000000e+00
9.453125e-03 0.000000e+00
9.468750e-03 0.000000e+00
9.484375e-03 0.000000e+00
9.500000e-03 -1.265137e+00
9.515625e-03 -1.265137e+00
9.531250e-03 -1.265137e+00
9.546875e-03 -1.265137e+00
9.562500e-03 0.000000e+00
9.578125e-03 0.000000e+00
9.593750e-03 0.000000e+00
9.609375e-03 0.000000e+00
9.625000e-03 2.299805e-01
9.640625e-03 2.299805e-01
9.656250e-03 2.299805e-01
9.671875e-03 2.299805e-01
9.687500e-03 0.000000e+00
9.703125e-03 0.000000e+00
9.718750e-03 0.000000e+00
9.734375e-03 0.000000e+00
9.750000e-03 1.577637e+00
9.765625e-03 1.577637e+00
9.781250e-03 1.577637e+00
9.796875e-03 1.577637e+00
9.812500e-03 0.000000e+00
9.828125e-03 0.000000e+00
9.843750e-03 0.000000e+00
9.859375e-03 0.000000e+00
9.875000e-03 1.952637e+00
9.890625e-03 1.952637e+00
9.906250e-03 1.952637e+00
9.921875e-03 1.952637e+00
9.937500e-03 0.000000e+00
9.953125e-03 0.000000e+00
9.968750e-03 0.000000e+00
9.984375e-03 0.000000e+00
1.000000e-02 1.202637e+00
1.001562e-02 1.202637e+00
1.003125e-02 1.202637e+00
1.004688e-02 1.202637e+00
1.006250e-02 0.000000e+00
1.007812e-02 0.000000e+00
1.009375e-02 0.000000e+00
1.010938e-02 0.000000e+00
1.012500e-02 -2.573242e-01
1.014062e-02 -2.573242e-01
1.015625e-02 -2.573242e-01
1.017188e-02 -2.573242e-01
1.018750e-02 0.000000e+00
1.020312e-02 0.000000e+00
1.021875e-02 0.000000e+00
1.023437e-02 0.000000e+00
1.025000e-02 -1.577637e+00
1.026563e-02 -1.577637e+00
1.028125e-02 -1.577637e+00
1.029687e-02 -1.577637e+00
1.031250e-02 0.000000e+00
1.032813e-02 0.000000e+00
1.034375e-02 0.000000e+00
1.035937e-02 0.000000e+00
1.037500e-02 -1.952637e+00
1.039063e-02 -1.952637e+00
1.040625e-02 -1.952637e+00
1.042187e-02 -1.952637e+00
1.043750e-02 0.000000e+00
1.045313e-02 0.000000e+00
1.046875e-02 0.000000e+00
1.048438e-02 0.000000e+00
1.050000e-02 -1.202637e+00
1.051562e-02 -1.202637e+00
1.053125e-02 -1.202637e+00
1.054688e-02 -1.202637e+00
1.056250e-02 0.000000e+00
1.057812e-02 0.000000e+00
1.059375e-02 0.000000e+00
1.060938e-02 0.000000e+00
1.062500e-02 2.885742e-01
1.064062e-02 2.885742e-01
1.065625e-02 2.885742e-01
1.067188e-02 2.885742e-01
1.068750e-02 0.000000e+00
1.070313e-02 0.000000e+00
1.071875e-02 0.000000e+00
1.073437e-02 0.000000e+00
1.075000e-02 1.577637e+00
1.076563e-02 1.577637e+00
1.078125e-02 1.577637e+00
1.079687e-02 1.577637e+00
1.081250e-02 0.000000e+00
1.082813e-02 0.000000e+00
1.084375e-02 0.000000e+00
1.085937e-02 0.000000e+00
1.087500e-02 1.952637e+00
1.089063e-02 1.952637e+00
1.090625e-02 1.952637e+00
1.092188e-02 1.952637e+00
1.093750e-02 0.000000e+00
1.095312e-02 0.000000e+00
1.096875e-02 0.000000e+00
1.098438e-02 0.000000e+00
1.100000e-02 1.202637e+00
1.101562e-02 1.202637e+00
1.103125e-02 1.202637e+00
1.104688e-02 1.202637e+00
1.106250e-02 0.000000e+00
1.107812e-02 0.000000e+00
1.109375e-02 0.000000e+00
1.110938e-02 0.000000e+00
1.112500e-02 -3.041992e-01
1.114062e-02 -3.041992e-01
1.115625e-02 -3.041992e-01
1.117187e-02 -3.041992e-01
1.118750e-02 0.000000e+00
1.120313e-02 0.000000e+00
1.121875e-02 0.000000e+00
1.123437e-02 0.000000e+00
1.125000e-02 -1.640137e+00
1.126563e-02 -1.640137e+00
1.128125e-02 -1.640137e+00
1.129687e-02 -1.640137e+00
1.131250e-02 0.000000e+00
1.132813e-02 0.000000e+00
1.134375e-02 0.000000e+00
1.135937e-02 0.000000e+00
1.137500e-02 -1.952637e+00
1.139062e-02 -1.952637e+00
1.140625e-02 -1.952637e+00
1.142188e-02 -1.952637e+00
1.143750e-02 0.000000e+00
1.145312e-02 0.000000e+00
1.146875e-02 0.000000e+00
1.148438e-02 0.000000e+00
1.150000e-02 -1.140137e+00
1.151562e-02 -1.140137e+00
1.153125e-02 -1.140137e+00
1.154688e-02 -1.140137e+00
1.156250e-02 0.000000e+00
1.157812e-02 0.000000e+00
1.159375e-02 0.000000e+00
1.160937e-02 0.000000e+00
1.162500e-02 3.354492e-01
1.164063e-02 3.354492e-01
1.165625e-02 3.354492e-01
1.167187e-02 3.354492e-01
1.168750e-02 0.000000e+00
1.170313e-02 0.000000e+00
1.171875e-02 0.000000e+00
1.173437e-02 0.000000e+00
1.175000e-02 1.640137e+00
1.176563e-02 1.640137e+00
1.178125e-02 1.640137e+00
1.179687e-02 1.640137e+00
1.181250e-02 0.000000e+00
1.182813e-02 0.000000e+00
1.184375e-02 0.000000e+00
1.185938e-02 0.000000e+00
1.187500e-02 1.952637e+00
1.189062e-02 1.952637e+00
1.190625e-02 1.952637e+00
1.192188e-02 1.952637e+00
1.193750e-02 0.000000e+00
1.195312e-02 0.000000e+00
1.196875e-02 0.000000e+00
1.198438e-02 0.000000e+00
1.200000e-02 1.140137e+00
1.201562e-02 1.140137e+00
1.203125e-02 1.140137e+00
1.204688e-02 1.140137e+00
1.206250e-02 0.000000e+00
1.207813e-02 0.000000e+00
1.209375e-02 0.000000e+00
1.210937e-02 0.000000e+00
1.212500e-02 -3.510742e-01
1.214063e-02 -3.510742e-01
1.215625e-02 -3.510742e-01
1.217187e-02 -3.510742e-01
1.218750e-02 0.000000e+00
1.220313e-02 0.000000e+00
1.221875e-02 0.000000e+00
1.223437e-02 0.000000e+00
1.225000e-02 -1.640137e+00
1.226563e-02 -1.640137e+00
1.228125e-02 -1.640137e+00
1.229688e-02 -1.640137e+00
1.231250e-02 0.000000e+00
1.232812e-02 0.000000e+00
1.234375e-02 0.000000e+00
1.235938e-02 0.000000e+00
1.237500e-02 -1.952637e+00
1.239062e-02 -1.952637e+00
1.240625e-02 -1.952637e+00
1.242188e-02 -1.952637e+00
1.243750e-02 0.000000e+00
1.245312e-02 0.000000e+00
1.246875e-02 0.000000e+00
1.248438e-02 0.000000e+00
1.250000e-02 -1.140137e+00
1.251562e-02 -1.140137e+00
1.253125e-02 -1.140137e+00
1.254687e-02 -1.140137e+00
1.256250e-02 0.000000e+00
1.257813e-02 0.000000e+00
1.259375e-02 0.000000e+00
1.260937e-02 0.000000e+00
1.262500e-02 3.823242e-01
1.264063e-02 3.823242e-01
1.265625e-02 3.823242e-01
1.267187e-02 3.823242e-01
1.268750e-02 0.000000e+00
1.270313e-02 0.000000e+00
1.271875e-02 0.000000e+00
1.273437e-02 0.000000e+00
1.275000e-02 1.640137e+00
1.276562e-02 1.640137e+00
1.278125e-02 1.640137e+00
1.279688e-02 1.640137e+00
1.281250e-02 0.000000e+00
1.282812e-02 0.000000e+00
1.284375e-02 0.000000e+00
1.285938e-02 0.000000e+00
1.287500e-02 1.952637e+00
1.289062e-02 1.952637e+00
1.290625e-02 1.952637e+00
1.292188e-02 1.952637e+00
1.293750e-02 0.000000e+00
1.295312e-02 0.000000e+00
1.296875e-02 0.000000e+00
1.298437e-02 0.000000e+00
1.300000e-02 1.077637e+00
1.301563e-02 1.077637e+00
1.303125e-02 1.077637e+00
1.304687e-02 1.077637e+00
1.306250e-02 0.000000e+00
1.307813e-02 0.000000e+00
1.309375e-02 0.000000e+00
1.310937e-02 0.000000e+00
1.312500e-02 -4.135742e-01
1.314063e-02 -4.135742e-01
1.315625e-02 -4.135742e-01
1.317187e-02 -4.135742e-01
1.318750e-02 0.000000e+00
1.320313e-02 0.000000e+00
1.321875e-02 0.000000e+00
1.323438e-02 0.000000e+00
1.325000e-02 -1.702637e+00
1.326562e-02 -1.702637e+00
1.328125e-02 -1.702637e+00
1.329688e-02 -1.702637e+00
1.331250e-02 0.000000e+00
1.332812e-02 0.000000e+00
1.334375e-02 0.000000e+00
1.335938e-02 0.000000e+00
1.337500e-02 -1.952637e+00
1.339062e-02 -1.952637e+00
1.340625e-02 -1.952637e+00
1.342188e-02 -1.952637e+00
1.343750e-02 0.000000e+00
1.345313e-02 0.000000e+00
1.346875e-02 0.000000e+00
1.348437e-02 0.000000e+00
1.350000e-02 -1.077637e+00
1.351563e-02 -1.077637e+00
1.353125e-02 -1.077637e+00
1.354687e-02 -1.077637e+00
1.356250e-02 0.000000e+00
1.357813e-02 0.000000e+00
1.359375e-02 0.000000e+00
1.360937e-02 0.000000e+00
1.362500e-02 4.291992e-01
1.364063e-02 4.291992e-01
1.365625e-02 4.291992e-01
1.367188e-02 4.291992e-01
1.368750e-02 0.000000e+00
1.370312e-02 0.000000e+00
1.371875e-02 0.000000e+00
1.373438e-02 0.000000e+00
1.375000e-02 1.702637e+00
1.376562e-02 1.702637e+00
1.378125e-02 1.702637e+00
1.379688e-02 1.702637e+00
1.381250e-02 0.000000e+00
1.382812e-02 0.000000e+00
1.384375e-02 0.000000e+00
1.385938e-02 0.000000e+00
1.387500e-02 1.952637e+00
1.389062e-02 1.952637e+00
1.390625e-02 1.952637e+00
1.392187e-02 1.952637e+00
1.393750e-02 0.000000e+00
1.395313e-02 0.000000e+00
1.396875e-02 0.000000e+00
1.398437e-02 0.000000e+00
1.400000e-02 1.077637e+00
1.401563e-02 1.077637e+00
1.403125e-02 1.077637e+00
1.404687e-02 1.077637e+00
1.406250e-02 0.000000e+00
1.407813e-02 0.000000e+00
1.409375e-02 0.000000e+00
1.410937e-02 0.000000e+00
1.412500e-02 -4.604492e-01
1.414062e-02 -4.604492e-01
1.415625e-02 -4.604492e-01
1.417188e-02 -4.604492e-01
1.418750e-02 0.000000e+00
1.420312e-02 0.000000e+00
1.421875e-02 0.000000e+00
1.423438e-02 0.000000e+00
1.425000e-02 -1.702637e+00
1.426562e-02 -1.702637e+00
1.428125e-02 -1.702637e+00
1.429688e-02 -1.702637e+00
1.431250e-02 0.000000e+00
1.432812e-02 0.000000e+00
1.434375e-02 0.000000e+00
1.435938e-02 0.000000e+00
1.437500e-02 -1.952637e+00
1.439063e-02 -1.952637e+00
1.440625e-02 -1.952637e+00
1.442187e-02 -1.952637e+00
1.443750e-02 0.000000e+00
1.445313e-02 0.000000e+00
1.446875e-02 0.000000e+00
1.448437e-02 0.000000e+00
1.450000e-02 -1.015137e+00
1.451563e-02 -1.015137e+00
1.453125e-02 -1.015137e+00
1.454687e-02 -1.015137e+00
1.456250e-02 0.000000e+00
1.457813e-02 0.000000e+00
1.459375e-02 0.000000e+00
1.460938e-02 0.000000e+00
1.462500e-02 4.760742e-01
1.464062e-02 4.760742e-01
1.465625e-02 4.760742e-01
1.467188e-02 4.760742e-01
1.468750e-02 0.000000e+00
1.470312e-02 0.000000e+00
1.471875e-02 0.000000e+00
1.473438e-02 0.000000e+00
1.475000e-02 1.702637e+00
1.476562e-02 1.702637e+00
1.478125e-02 1.702637e+00
1.479688e-02 1.702637e+00
1.481250e-02 0.000000e+00
1.482813e-02 0.000000e+00
1.484375e-02 0.000000e+00
1.485937e-02 0.000000e+00
1.487500e-02 1.952637e+00
1.489063e-02 1.952637e+00
1.490625e-02 1.952637e+00
1.492187e-02 1.952637e+00
1.493750e-02 0.000000e+00
1.495313e-02 0.000000e+00
1.496875e-02 0.000000e+00
1.498437e-02 0.000000e+00
1.500000e-02 1.015137e+00
1.501563e-02 1.015137e+00
1.503125e-02 1.015137e+00
1.504687e-02 1.015137e+00
1.506250e-02 0.000000e+00
1.507812e-02 0.000000e+00
1.509375e-02 0.000000e+00
1.510938e-02 0.000000e+00
1.512500e-02 -4.995117e-01
1.514062e-02 -4.995117e-01
1.515625e-02 -4.995117e-01
1.517188e-02 -4.995117e-01
1.518750e-02 0.000000e+00
1.520312e-02 0.000000e+00
1.521875e-02 0.000000e+00
1.523438e-02 0.000000e+00
1.525000e-02 -1.702637e+00
1.526562e-02 -1.702637e+00
1.528125e-02 -1.702637e+00
1.529687e-02 -1.702637e+00
1.531250e-02 0.000000e+00
1.532813e-02 0.000000e+00
1.534375e-02 0.000000e+00
1.535937e-02 0.000000e+00
1.537500e-02 -1.952637e+00
1.539063e-02 -1.952637e+00
1.540625e-02 -1.952637e+00
1.542187e-02 -1.952637e+00
1.543750e-02 0.000000e+00
1.545313e-02 0.000000e+00
1.546875e-02 0.000000e+00
1.548437e-02 0.000000e+00
1.550000e-02 -1.015137e+00
1.551562e-02 -1.015137e+00
1.553125e-02 -1.015137e+00
1.554688e-02 -1.015137e+00
1.556250e-02 0.000000e+00
1.557812e-02 0.000000e+00
1.559375e-02 0.000000e+00
1.560938e-02 0.000000e+00
1.562500e-02 5.307617e-01
1.564063e-02 5.307617e-01
1.565625e-02 5.307617e-01
1.567188e-02 5.307617e-01
1.568750e-02 0.000000e+00
1.570312e-02 0.000000e+00
1.571875e-02 0.000000e+00
1.573437e-02 0.000000e+00
1.575000e-02 1.765137e+00
1.576562e-02 1.765137e+00
1.578125e-02 1.765137e+00
1.579688e-02 1.765137e+00
1.581250e-02 0.000000e+00
1.582813e-02 0.000000e+00
1.584375e-02 0.000000e+00
1.585937e-02 0.000000e+00
1.587500e-02 1.952637e+00
1.589062e-02 1.952637e+00
1.590625e-02 1.952637e+00
1.592188e-02 1.952637e+00
1.593750e-02 0.000000e+00
1.595313e-02 0.000000e+00
1.596875e-02 0.000000e+00
1.598438e-02 0.000000e+00
-8.373197e-01 9.682617e-01
-1.011992e+00 9.682617e-01
-1.176841e+00 9.682617e-01
-1.330265e+00 9.682617e-01
-1.470776e+00 0.000000e+00
-1.597009e+00 0.000000e+00
-1.707738e+00 0.000000e+00
-1.801889e+00 0.000000e+00
-1.878548e+00 -5.620117e-01
-1.936971e+00 -5.620117e-01
-1.976590e+00 -5.620117e-01
-1.997021e+00 -5.620117e-01
-1.998066e+00 0.000000e+00
-1.979714e+00 0.000000e+00
-1.942144e+00 0.000000e+00
