0.000000e+00 8.930812e-01
1.562500e-05 9.281871e-01
3.125000e-05 9.590549e-01
4.687500e-05 9.829715e-01
6.250000e-05 9.913514e-01
7.812500e-05 9.941351e-01
9.375000e-05 9.833905e-01
1.093750e-04 9.627931e-01
1.250000e-04 9.350215e-01
1.406250e-04 8.990585e-01
1.562500e-04 8.561168e-01
1.718750e-04 8.057576e-01
1.875000e-04 7.469008e-01
2.031250e-04 6.815134e-01
2.187500e-04 6.093524e-01
2.343750e-04 5.322546e-01
2.500000e-04 4.451339e-01
2.656250e-04 3.564591e-01
2.812500e-04 2.597328e-01
2.968750e-04 1.575828e-01
3.125000e-04 5.785055e-02
3.281250e-04 -4.586590e-02
3.437500e-04 -1.450444e-01
3.593750e-04 -2.399815e-01
3.750000e-04 -3.397877e-01
3.906250e-04 -4.311141e-01
4.062500e-04 -5.240319e-01
4.218750e-04 -6.144662e-01
4.375000e-04 -6.906703e-01
4.531250e-04 -7.640973e-01
4.687500e-04 -8.232749e-01
4.843750e-04 -8.712340e-01
5.000000e-04 -9.166608e-01
5.156250e-04 -9.498181e-01
5.312500e-04 -9.791491e-01
5.468750e-04 -1.001908e+00
5.625000e-04 -1.009416e+00
5.781250e-04 -1.011472e+00
5.937500e-04 -9.999818e-01
6.093750e-04 -9.784606e-01
6.250000e-04 -9.493641e-01
6.406250e-04 -9.116626e-01
6.562500e-04 -8.664296e-01
6.718750e-04 -8.132645e-01
6.875000e-04 -7.512556e-01
7.031250e-04 -6.824194e-01
7.187500e-04 -6.067885e-01
7.343750e-04 -5.263883e-01
7.500000e-04 -4.363466e-01
7.656250e-04 -3.453358e-01
7.812500e-04 -2.470233e-01
7.968750e-04 -1.441400e-01
8.125000e-04 -4.455657e-02
8.281250e-04 5.817758e-02
8.437500e-04 1.556610e-01
8.593750e-04 2.483695e-01
8.750000e-04 3.456320e-01
8.906250e-04 4.343351e-01
9.062500e-04 5.247781e-01
9.218750e-04 6.130856e-01
9.375000e-04 6.876633e-01
9.531250e-04 7.600580e-01
9.687500e-04 8.188262e-01
9.843750e-04 8.669644e-01
1.000000e-03 9.130687e-01
1.015625e-03 9.472691e-01
1.031250e-03 9.778504e-01
1.046875e-03 1.001902e+00
1.062500e-03 1.010588e+00
1.078125e-03 1.013580e+00
1.093750e-03 1.002695e+00
1.109375e-03 9.814022e-01
1.125000e-03 9.521163e-01
1.140625e-03 9.138935e-01
1.156250e-03 8.678347e-01
1.171875e-03 8.136464e-01
1.187500e-03 7.505654e-01
1.203125e-03 6.806658e-01
1.218750e-03 6.041151e-01
1.234375e-03 5.229955e-01
1.250000e-03 4.324754e-01
1.265625e-03 3.412444e-01
1.281250e-03 2.429604e-01
1.296875e-03 1.403217e-01
1.312500e-03 4.114754e-02
1.328125e-03 -6.107465e-02
1.343750e-03 -1.580073e-01
1.359375e-03 -2.501844e-01
1.375000e-03 -3.467208e-01
1.390625e-03 -4.347766e-01
1.406250e-03 -5.243427e-01
1.421875e-03 -6.115571e-01
1.437500e-03 -6.850207e-01
1.453125e-03 -7.559373e-01
1.468750e-03 -8.130839e-01
1.484375e-03 -8.593634e-01
1.500000e-03 -9.030399e-01
1.515625e-03 -9.346521e-01
1.531250e-03 -9.621985e-01
1.546875e-03 -9.829573e-01
1.562500e-03 -9.885493e-01
1.578125e-03 -9.883966e-01
1.593750e-03 -9.747894e-01
1.609375e-03 -9.512156e-01
1.625000e-03 -9.198887e-01
1.640625e-03 -8.802727e-01
1.656250e-03 -8.332131e-01
1.671875e-03 -7.785142e-01
1.687500e-03 -7.156835e-01
1.703125e-03 -6.463959e-01
1.718750e-03 -5.710183e-01
1.734375e-03 -4.914176e-01
1.750000e-03 -4.022803e-01
1.765625e-03 -3.125305e-01
1.781250e-03 -2.153516e-01
1.796875e-03 -1.134389e-01
1.812500e-03 -1.488531e-02
1.828125e-03 8.723247e-02
1.843750e-03 1.842297e-01
1.859375e-03 2.767068e-01
1.875000e-03 3.739779e-01
1.890625e-03 4.628207e-01
1.906250e-03 5.533722e-01
1.921875e-03 6.415749e-01
1.937500e-03 7.156598e-01
1.953125e-03 7.870296e-01
1.968750e-03 8.441428e-01
1.984375e-03 8.899572e-01
2.000000e-03 9.327506e-01
2.015625e-03 9.630639e-01
2.031250e-03 9.889063e-01
2.046875e-03 1.007584e+00
2.062500e-03 1.010767e+00
2.078125e-03 1.007945e+00
2.093750e-03 9.914907e-01
2.109375e-03 9.649822e-01
2.125000e-03 9.307249e-01
2.140625e-03 8.882715e-01
2.156250e-03 8.385483e-01
2.171875e-03 7.814300e-01
2.187500e-03 7.164817e-01
2.203125e-03 6.454218e-01
2.218750e-03 5.686464e-01
2.234375e-03 4.880362e-01
2.250000e-03 3.982765e-01
2.265625e-03 3.082749e-01
2.281250e-03 2.111830e-01
2.296875e-03 1.096507e-01
2.312500e-03 1.171352e-02
2.328125e-03 -8.961919e-02
2.343750e-03 -1.857359e-01
2.359375e-03 -2.773121e-01
2.375000e-03 -3.737338e-01
2.390625e-03 -4.618431e-01
2.406250e-03 -5.518289e-01
2.421875e-03 -6.396689e-01
2.437500e-03 -7.136114e-01
2.453125e-03 -7.850557e-01
2.468750e-03 -8.424385e-01
2.484375e-03 -8.886791e-01
2.500000e-03 -9.320040e-01
2.515625e-03 -9.628961e-01
2.531250e-03 -9.893038e-01
2.546875e-03 -1.008478e+00
2.562500e-03 -1.012041e+00
2.578125e-03 -1.009452e+00
2.593750e-03 -9.930665e-01
2.609375e-03 -9.664641e-01
2.625000e-03 -9.317542e-01
2.640625e-03 -8.887233e-01
2.656250e-03 -8.380766e-01
2.671875e-03 -7.797517e-01
2.687500e-03 -7.135379e-01
2.703125e-03 -6.409366e-01
2.718750e-03 -5.625854e-01
2.734375e-03 -4.803327e-01
2.750000e-03 -3.888984e-01
2.765625e-03 -2.972644e-01
2.781250e-03 -1.986757e-01
2.796875e-03 -9.587979e-02
2.812500e-03 2.996236e-03
2.828125e-03 1.048645e-01
2.843750e-03 2.010538e-01
2.859375e-03 2.922036e-01
2.875000e-03 3.876912e-01
2.890625e-03 4.743796e-01
2.906250e-03 5.625106e-01
2.921875e-03 6.481456e-01
2.937500e-03 7.196445e-01
2.953125e-03 7.885404e-01
2.968750e-03 8.434172e-01
2.984375e-03 8.873437e-01
3.000000e-03 9.283442e-01
3.015625e-03 9.573423e-01
3.031250e-03 9.819500e-01
3.046875e-03 9.994870e-01
3.062500e-03 1.001858e+00
3.078125e-03 9.980552e-01
3.093750e-03 9.806756e-01
3.109375e-03 9.530869e-01
3.125000e-03 9.171541e-01
3.140625e-03 8.727666e-01
3.156250e-03 8.204874e-01
3.171875e-03 7.603377e-01
3.187500e-03 6.923285e-01
3.203125e-03 6.179230e-01
3.218750e-03 5.380367e-01
3.234375e-03 4.546243e-01
3.250000e-03 3.625464e-01
3.265625e-03 2.709257e-01
3.281250e-03 1.731184e-01
3.296875e-03 7.193027e-02
3.312500e-03 -2.452109e-02
3.328125e-03 -1.232310e-01
3.343750e-03 -2.156821e-01
3.359375e-03 -3.027270e-01
3.375000e-03 -3.939959e-01
3.390625e-03 -4.766226e-01
3.406250e-03 -5.611104e-01
3.421875e-03 -6.437487e-01
3.437500e-03 -7.130688e-01
3.453125e-03 -7.807037e-01
3.468750e-03 -8.352559e-01
3.484375e-03 -8.797312e-01
3.500000e-03 -9.220175e-01
3.515625e-03 -9.528429e-01
3.531250e-03 -9.795865e-01
3.546875e-03 -9.993209e-01
3.562500e-03 -1.003715e+00
3.578125e-03 -1.001558e+00
3.593750e-03 -9.853001e-01
3.609375e-03 -9.582237e-01
3.625000e-03 -9.221168e-01
3.640625e-03 -8.769832e-01
3.656250e-03 -8.234197e-01
3.671875e-03 -7.616075e-01
3.687500e-03 -6.917898e-01
3.703125e-03 -6.155335e-01
3.718750e-03 -5.339810e-01
3.734375e-03 -4.492010e-01
3.750000e-03 -3.558027e-01
3.765625e-03 -2.632846e-01
3.781250e-03 -1.645895e-01
3.796875e-03 -6.251267e-02
3.812500e-03 3.461854e-02
3.828125e-03 1.343145e-01
3.843750e-03 2.278372e-01
3.859375e-03 3.162354e-01
3.875000e-03 4.091926e-01
3.890625e-03 4.937869e-01
3.906250e-03 5.803863e-01
3.921875e-03 6.650919e-01
3.937500e-03 7.362183e-01
3.953125e-03 8.051770e-01
3.968750e-03 8.603680e-01
3.984375e-03 9.046357e-01
4.000000e-03 9.457667e-01
4.015625e-03 9.744629e-01
4.031250e-03 9.981607e-01
4.046875e-03 1.014074e+00
4.062500e-03 1.014089e+00
4.078125e-03 1.007272e+00
4.093750e-03 9.863858e-01
4.109375e-03 9.550347e-01
4.125000e-03 9.150855e-01
4.140625e-03 8.669963e-01
4.156250e-03 8.112637e-01
4.171875e-03 7.481623e-01
4.187500e-03 6.780917e-01
4.203125e-03 6.022280e-01
4.218750e-03 5.217161e-01
4.234375e-03 4.382937e-01
4.250000e-03 3.462851e-01
4.265625e-03 2.549542e-01
4.281250e-03 1.570681e-01
4.296875e-03 5.531638e-02
4.312500e-03 -4.200134e-02
4.328125e-03 -1.423440e-01
4.343750e-03 -2.368495e-01
4.359375e-03 -3.263849e-01
4.375000e-03 -4.204175e-01
4.390625e-03 -5.058019e-01
4.406250e-03 -5.927052e-01
4.421875e-03 -6.770773e-01
4.437500e-03 -7.471526e-01
4.453125e-03 -8.143473e-01
4.468750e-03 -8.671526e-01
4.484375e-03 -9.085836e-01
4.500000e-03 -9.466581e-01
4.515625e-03 -9.723448e-01
4.531250e-03 -9.933516e-01
4.546875e-03 -1.007138e+00
4.562500e-03 -1.005780e+00
4.578125e-03 -9.984591e-01
4.593750e-03 -9.779613e-01
4.609375e-03 -9.478234e-01
4.625000e-03 -9.096845e-01
4.640625e-03 -8.638535e-01
4.656250e-03 -8.104738e-01
4.671875e-03 -7.495511e-01
4.687500e-03 -6.812904e-01
4.703125e-03 -6.065661e-01
4.718750e-03 -5.264516e-01
4.734375e-03 -4.426030e-01
4.750000e-03 -3.493770e-01
4.765625e-03 -2.561683e-01
4.781250e-03 -1.559518e-01
4.796875e-03 -5.167465e-02
4.812500e-03 4.808693e-02
4.828125e-03 1.505267e-01
4.843750e-03 2.465573e-01
4.859375e-03 3.368838e-01
4.875000e-03 4.308904e-01
4.890625e-03 5.154352e-01
4.906250e-03 6.007725e-01
4.921875e-03 6.830123e-01
4.937500e-03 7.506034e-01
4.953125e-03 8.152065e-01
4.968750e-03 8.655614e-01
4.984375e-03 9.049090e-01
5.000000e-03 9.411047e-01
5.015625e-03 9.655572e-01
5.031250e-03 9.855964e-01
5.046875e-03 9.986759e-01
5.062500e-03 9.970551e-01
5.078125e-03 9.893454e-01
5.093750e-03 9.684744e-01
5.109375e-03 9.376894e-01
5.125000e-03 8.983201e-01
5.140625e-03 8.507887e-01
5.156250e-03 7.951048e-01
5.171875e-03 7.314272e-01
5.187500e-03 6.602940e-01
5.203125e-03 5.826305e-01
5.218750e-03 4.999212e-01
5.234375e-03 4.140278e-01
5.250000e-03 3.195309e-01
5.265625e-03 2.260217e-01
5.281250e-03 1.266069e-01
5.296875e-03 2.427619e-02
5.312500e-03 -7.245387e-02
5.328125e-03 -1.709375e-01
5.343750e-03 -2.623358e-01
5.359375e-03 -3.476671e-01
5.375000e-03 -4.366635e-01
5.390625e-03 -5.165312e-01
5.406250e-03 -5.978395e-01
5.421875e-03 -6.769499e-01
5.437500e-03 -7.424765e-01
5.453125e-03 -8.061447e-01
5.468750e-03 -8.566556e-01
5.484375e-03 -8.971153e-01
5.500000e-03 -9.351658e-01
5.515625e-03 -9.619469e-01
5.531250e-03 -9.844950e-01
5.546875e-03 -9.999753e-01
5.562500e-03 -1.000392e+00
5.578125e-03 -9.941614e-01
5.593750e-03 -9.740887e-01
5.609375e-03 -9.433829e-01
5.625000e-03 -9.032484e-01
5.640625e-03 -8.543813e-01
5.656250e-03 -7.967536e-01
5.671875e-03 -7.307390e-01
5.687500e-03 -6.572256e-01
5.703125e-03 -5.771297e-01
5.718750e-03 -4.922582e-01
5.734375e-03 -4.045374e-01
5.750000e-03 -3.082721e-01
5.765625e-03 -2.134221e-01
5.781250e-03 -1.126859e-01
5.796875e-03 -9.057480e-03
5.812500e-03 8.871341e-02
5.828125e-03 1.884657e-01
5.843750e-03 2.811047e-01
5.859375e-03 3.678083e-01
5.875000e-03 4.583282e-01
5.890625e-03 5.397897e-01
5.906250e-03 6.226151e-01
5.921875e-03 7.029827e-01
5.937500e-03 7.693155e-01
5.953125e-03 8.331634e-01
5.968750e-03 8.830888e-01
5.984375e-03 9.221135e-01
6.000000e-03 9.578615e-01
6.015625e-03 9.815285e-01
6.031250e-03 1.000280e+00
6.046875e-03 1.011475e+00
6.062500e-03 1.007365e+00
6.078125e-03 9.966425e-01
6.093750e-03 9.723997e-01
6.109375e-03 9.381117e-01
6.125000e-03 8.951252e-01
6.140625e-03 8.443699e-01
6.156250e-03 7.857965e-01
6.171875e-03 7.197731e-01
6.187500e-03 6.471552e-01
6.203125e-03 5.685849e-01
6.218750e-03 4.857103e-01
6.234375e-03 4.001639e-01
6.250000e-03 3.059777e-01
6.265625e-03 2.128770e-01
6.281250e-03 1.133813e-01
6.296875e-03 1.037490e-02
6.312500e-03 -8.742496e-02
6.328125e-03 -1.878116e-01
6.343750e-03 -2.815743e-01
6.359375e-03 -3.697194e-01
6.375000e-03 -4.617931e-01
6.390625e-03 -5.447049e-01
6.406250e-03 -6.286771e-01
6.421875e-03 -7.097271e-01
6.437500e-03 -7.761739e-01
6.453125e-03 -8.395317e-01
6.468750e-03 -8.883991e-01
6.484375e-03 -9.259003e-01
6.500000e-03 -9.594726e-01
6.515625e-03 -9.808245e-01
6.531250e-03 -9.969013e-01
6.546875e-03 -1.005279e+00
6.562500e-03 -9.986481e-01
6.578125e-03 -9.853945e-01
6.593750e-03 -9.589887e-01
6.609375e-03 -9.228023e-01
6.625000e-03 -8.779545e-01
6.640625e-03 -8.255563e-01
6.656250e-03 -7.653374e-01
6.671875e-03 -6.977050e-01
6.687500e-03 -6.237045e-01
6.703125e-03 -5.437822e-01
6.718750e-03 -4.598181e-01
6.734375e-03 -3.734457e-01
6.750000e-03 -2.787687e-01
6.765625e-03 -1.856198e-01
6.781250e-03 -8.663129e-02
6.796875e-03 1.522136e-02
6.812500e-03 1.111719e-01
6.828125e-03 2.090210e-01
6.843750e-03 2.996274e-01
6.859375e-03 3.841285e-01
6.875000e-03 4.722531e-01
6.890625e-03 5.511304e-01
6.906250e-03 6.312200e-01
6.921875e-03 7.087716e-01
6.937500e-03 7.723096e-01
6.953125e-03 8.335069e-01
6.968750e-03 8.810589e-01
6.984375e-03 9.181151e-01
7.000000e-03 9.520652e-01
7.015625e-03 9.745026e-01
7.031250e-03 9.922021e-01
7.046875e-03 1.002531e+00
7.062500e-03 9.979553e-01
7.078125e-03 9.866405e-01
7.093750e-03 9.618648e-01
7.109375e-03 9.268511e-01
7.125000e-03 8.825206e-01
7.140625e-03 8.300573e-01
7.156250e-03 7.690939e-01
7.171875e-03 7.001363e-01
7.187500e-03 6.244521e-01
7.203125e-03 5.425174e-01
7.218750e-03 4.564840e-01
7.234375e-03 3.681155e-01
7.250000e-03 2.713155e-01
7.265625e-03 1.763691e-01
7.281250e-03 7.558353e-02
7.296875e-03 -2.798587e-02
7.312500e-03 -1.252816e-01
7.328125e-03 -2.245545e-01
7.343750e-03 -3.164009e-01
7.359375e-03 -4.021387e-01
7.375000e-03 -4.915609e-01
7.390625e-03 -5.717777e-01
7.406250e-03 -6.531705e-01
7.421875e-03 -7.318723e-01
7.437500e-03 -7.962695e-01
7.453125e-03 -8.578925e-01
7.468750e-03 -9.053046e-01
7.484375e-03 -9.415505e-01
7.500000e-03 -9.739558e-01
7.515625e-03 -9.941036e-01
7.531250e-03 -1.008819e+00
7.546875e-03 -1.015584e+00
7.562500e-03 -1.007038e+00
7.578125e-03 -9.915672e-01
7.593750e-03 -9.627032e-01
7.609375e-03 -9.239300e-01
7.625000e-03 -8.762974e-01
7.640625e-03 -8.213068e-01
7.656250e-03 -7.585915e-01
7.671875e-03 -6.887349e-01
7.687500e-03 -6.130858e-01
7.703125e-03 -5.318768e-01
7.718750e-03 -4.471977e-01
7.734375e-03 -3.605480e-01
7.750000e-03 -2.655769e-01
7.765625e-03 -1.723357e-01
7.781250e-03 -7.293537e-02
7.796875e-03 2.971284e-02
7.812500e-03 1.266302e-01
7.828125e-03 2.260742e-01
7.843750e-03 3.185769e-01
7.859375e-03 4.053294e-01
7.875000e-03 4.959523e-01
7.890625e-03 5.773588e-01
7.906250e-03 6.597337e-01
7.921875e-03 7.390388e-01
7.937500e-03 8.035350e-01
7.953125e-03 8.646895e-01
7.968750e-03 9.110720e-01
7.984375e-03 9.458027e-01
8.000000e-03 9.763431e-01
8.015625e-03 9.944557e-01
8.031250e-03 1.007168e+00
8.046875e-03 1.012161e+00
8.062500e-03 1.002251e+00
8.078125e-03 9.859547e-01
8.093750e-03 9.568745e-01
8.109375e-03 9.184991e-01
8.125000e-03 8.716437e-01
8.140625e-03 8.178508e-01
8.156250e-03 7.563781e-01
8.171875e-03 6.876332e-01
8.187500e-03 6.129155e-01
8.203125e-03 5.320781e-01
8.218750e-03 4.472436e-01
8.234375e-03 3.597866e-01
8.250000e-03 2.633556e-01
8.265625e-03 1.681037e-01
8.281250e-03 6.632231e-02
8.296875e-03 -3.884420e-02
8.312500e-03 -1.381592e-01
8.328125e-03 -2.396254e-01
8.343750e-03 -3.335493e-01
8.359375e-03 -4.209497e-01
8.375000e-03 -5.113452e-01
8.390625e-03 -5.916289e-01
8.406250e-03 -6.720499e-01
8.421875e-03 -7.487136e-01
8.437500e-03 -8.100897e-01
8.453125e-03 -8.678992e-01
8.468750e-03 -9.109859e-01
8.484375e-03 -9.427376e-01
8.500000e-03 -9.705075e-01
8.515625e-03 -9.865587e-01
8.531250e-03 -9.976019e-01
8.546875e-03 -1.001369e+00
8.562500e-03 -9.908984e-01
8.578125e-03 -9.741612e-01
8.593750e-03 -9.449005e-01
8.609375e-03 -9.062920e-01
8.625000e-03 -8.588691e-01
8.640625e-03 -8.041568e-01
8.656250e-03 -7.412962e-01
8.671875e-03 -6.707667e-01
8.687500e-03 -5.940700e-01
8.703125e-03 -5.111398e-01
8.718750e-03 -4.243995e-01
8.734375e-03 -3.354300e-01
8.750000e-03 -2.381006e-01
8.765625e-03 -1.427625e-01
8.781250e-03 -4.184866e-02
8.796875e-03 6.143637e-02
8.812500e-03 1.578915e-01
8.828125e-03 2.556538e-01
8.843750e-03 3.452537e-01
8.859375e-03 4.280031e-01
8.875000e-03 5.137551e-01
8.890625e-03 5.897443e-01
8.906250e-03 6.665342e-01
8.921875e-03 7.404839e-01
8.937500e-03 8.002315e-01
8.953125e-03 8.575633e-01
8.968750e-03 9.012802e-01
8.984375e-03 9.346247e-01
9.000000e-03 9.647188e-01
9.015625e-03 9.835350e-01
9.031250e-03 9.974646e-01
9.046875e-03 1.003925e+00
9.062500e-03 9.956788e-01
9.078125e-03 9.804856e-01
9.093750e-03 9.519614e-01
9.109375e-03 9.132490e-01
9.125000e-03 8.647282e-01
9.140625e-03 8.082678e-01
9.156250e-03 7.429504e-01
9.171875e-03 6.695129e-01
9.187500e-03 5.898849e-01
9.203125e-03 5.039711e-01
9.218750e-03 4.145897e-01
9.234375e-03 3.233918e-01
9.250000e-03 2.239815e-01
9.265625e-03 1.270875e-01
9.281250e-03 2.473841e-02
9.296875e-03 -7.985950e-02
9.312500e-03 -1.772806e-01
9.328125e-03 -2.761599e-01
9.343750e-03 -3.667869e-01
9.359375e-03 -4.506491e-01
9.375000e-03 -5.376334e-01
9.390625e-03 -6.149052e-01
9.406250e-03 -6.928901e-01
9.421875e-03 -7.677712e-01
9.437500e-03 -8.280010e-01
9.453125e-03 -8.851951e-01
9.468750e-03 -9.280217e-01
9.484375e-03 -9.596451e-01
9.500000e-03 -9.871780e-01
9.515625e-03 -1.002657e+00
9.531250e-03 -1.012613e+00
9.546875e-03 -1.014666e+00
9.562500e-03 -1.001832e+00
9.578125e-03 -9.821498e-01
9.593750e-03 -9.495212e-01
9.609375e-03 -9.073491e-01
9.625000e-03 -8.561398e-01
9.640625e-03 -7.979857e-01
9.656250e-03 -7.319226e-01
9.671875e-03 -6.586636e-01
9.687500e-03 -5.800909e-01
9.703125e-03 -4.958124e-01
9.718750e-03 -4.084805e-01
9.734375e-03 -3.194445e-01
9.750000e-03 -2.220359e-01
9.765625e-03 -1.267566e-01
9.781250e-03 -2.547010e-02
9.796875e-03 7.870840e-02
9.812500e-03 1.763645e-01
9.828125e-03 2.760660e-01
9.843750e-03 3.679669e-01
9.859375e-03 4.533676e-01
9.875000e-03 5.416794e-01
9.890625e-03 6.200931e-01
9.906250e-03 6.985177e-01
9.921875e-03 7.730042e-01
9.937500e-03 8.321303e-01
9.953125e-03 8.871802e-01
9.968750e-03 9.271307e-01
9.984375e-03 9.552044e-01
1.000000e-02 9.783784e-01
1.001562e-02 9.893149e-01
1.003125e-02 9.944687e-01
1.004688e-02 9.918323e-01
1.006250e-02 9.750129e-01
1.007812e-02 9.518726e-01
1.009375e-02 9.167920e-01
1.010938e-02 8.731334e-01
1.012500e-02 8.212353e-01
1.014062e-02 7.633009e-01
1.015625e-02 6.981182e-01
1.017188e-02 6.263098e-01
1.018750e-02 5.497476e-01
1.020312e-02 4.677024e-01
1.021875e-02 3.828088e-01
1.023437e-02 2.962222e-01
1.025000e-02 2.011536e-01
1.026563e-02 1.080455e-01
1.028125e-02 8.749880e-03
1.029687e-02 -9.359422e-02
1.031250e-02 -1.895277e-01
1.032813e-02 -2.875656e-01
1.034375e-02 -3.778135e-01
1.035937e-02 -4.615372e-01
1.037500e-02 -5.481341e-01
1.039063e-02 -6.248060e-01
1.040625e-02 -7.014971e-01
1.042187e-02 -7.743132e-01
1.043750e-02 -8.319011e-01
1.045313e-02 -8.856183e-01
1.046875e-02 -9.245105e-01
1.048438e-02 -9.518542e-01
1.050000e-02 -9.746582e-01
1.051562e-02 -9.855893e-01
1.053125e-02 -9.910771e-01
1.054688e-02 -9.890602e-01
1.056250e-02 -9.730685e-01
1.057812e-02 -9.508709e-01
1.059375e-02 -9.167476e-01
1.060938e-02 -8.739633e-01
1.062500e-02 -8.226011e-01
1.064062e-02 -7.649621e-01
1.065625e-02 -6.995870e-01
1.067188e-02 -6.271048e-01
1.068750e-02 -5.495517e-01
1.070313e-02 -4.660396e-01
1.071875e-02 -3.794383e-01
1.073437e-02 -2.909401e-01
1.075000e-02 -1.938601e-01
1.076563e-02 -9.878070e-02
1.078125e-02 2.295710e-03
1.079687e-02 1.060895e-01
1.081250e-02 2.030251e-01
1.082813e-02 3.015350e-01
1.084375e-02 3.916820e-01
1.085937e-02 4.747308e-01
1.087500e-02 5.601183e-01
1.089063e-02 6.351219e-01
1.090625e-02 7.097920e-01
1.092188e-02 7.803633e-01
1.093750e-02 8.356239e-01
1.095312e-02 8.870757e-01
1.096875e-02 9.239009e-01
1.098438e-02 9.494948e-01
1.100000e-02 9.709589e-01
1.101562e-02 9.810191e-01
1.103125e-02 9.861273e-01
1.104688e-02 9.842064e-01
1.106250e-02 9.687344e-01
1.107812e-02 9.473972e-01
1.109375e-02 9.143695e-01
1.110938e-02 8.727970e-01
1.112500e-02 8.225559e-01
1.114062e-02 7.659153e-01
1.115625e-02 7.012163e-01
1.117187e-02 6.290257e-01
1.118750e-02 5.514134e-01
1.120313e-02 4.673834e-01
1.121875e-02 3.799168e-01
1.123437e-02 2.902401e-01
1.125000e-02 1.914128e-01
1.126563e-02 9.445991e-02
1.128125e-02 -8.902891e-03
1.129687e-02 -1.152373e-01
1.131250e-02 -2.145666e-01
1.132813e-02 -3.156466e-01
1.134375e-02 -4.081485e-01
1.135937e-02 -4.934010e-01
1.137500e-02 -5.808138e-01
1.139062e-02 -6.575871e-01
1.140625e-02 -7.336733e-01
1.142188e-02 -8.052090e-01
1.143750e-02 -8.608962e-01
1.145312e-02 -9.121714e-01
1.146875e-02 -9.481764e-01
1.148438e-02 -9.722968e-01
1.150000e-02 -9.913132e-01
1.151562e-02 -9.983315e-01
1.153125e-02 -9.994748e-01
1.154688e-02 -9.928187e-01
1.156250e-02 -9.722822e-01
1.157812e-02 -9.453163e-01
1.159375e-02 -9.066212e-01
1.160937e-02 -8.594487e-01
1.162500e-02 -8.037220e-01
1.164063e-02 -7.421431e-01
1.165625e-02 -6.731184e-01
1.167187e-02 -5.974698e-01
1.168750e-02 -5.175898e-01
1.170313e-02 -4.323751e-01
1.171875e-02 -3.449845e-01
1.173437e-02 -2.565224e-01
1.175000e-02 -1.599056e-01
1.176563e-02 -6.598640e-02
1.178125e-02 3.372240e-02
1.179687e-02 1.360080e-01
1.181250e-02 2.311289e-01
1.182813e-02 3.280706e-01
1.184375e-02 4.167118e-01
1.185938e-02 4.985529e-01
1.187500e-02 5.831286e-01
1.189062e-02 6.577113e-01
1.190625e-02 7.322714e-01
1.192188e-02 8.029128e-01
1.193750e-02 8.582621e-01
1.195312e-02 9.096488e-01
1.196875e-02 9.460890e-01
1.198438e-02 9.708360e-01
1.200000e-02 9.905464e-01
1.201562e-02 9.982194e-01
1.203125e-02 9.998962e-01
1.204688e-02 9.936005e-01
1.206250e-02 9.732299e-01
1.207813e-02 9.462422e-01
1.209375e-02 9.073673e-01
1.210937e-02 8.599035e-01
1.212500e-02 8.037427e-01
1.214063e-02 7.417234e-01
1.215625e-02 6.721954e-01
1.217187e-02 5.960246e-01
1.218750e-02 5.156965e-01
1.220313e-02 4.300100e-01
1.221875e-02 3.421974e-01
1.223437e-02 2.533198e-01
1.225000e-02 1.562739e-01
1.226563e-02 6.190950e-02
1.228125e-02 -3.824979e-02
1.229688e-02 -1.409695e-01
1.231250e-02 -2.364781e-01
1.232812e-02 -3.337247e-01
1.234375e-02 -4.225494e-01
1.235938e-02 -5.044154e-01
1.237500e-02 -5.888265e-01
1.239062e-02 -6.630356e-01
1.240625e-02 -7.370086e-01
1.242188e-02 -8.068634e-01
1.243750e-02 -8.612599e-01
1.245312e-02 -9.115787e-01
1.246875e-02 -9.469019e-01
1.248438e-02 -9.705581e-01
1.250000e-02 -9.892811e-01
1.251562e-02 -9.961415e-01
1.253125e-02 -9.972395e-01
1.254687e-02 -9.906378e-01
1.256250e-02 -9.702488e-01
1.257813e-02 -9.435192e-01
1.259375e-02 -9.051431e-01
1.260937e-02 -8.583600e-01
1.262500e-02 -8.028172e-01
1.264063e-02 -7.414314e-01
1.265625e-02 -6.722593e-01
1.267187e-02 -5.961056e-01
1.268750e-02 -5.155393e-01
1.270313e-02 -4.291154e-01
1.271875e-02 -3.402217e-01
1.273437e-02 -2.498904e-01
1.275000e-02 -1.510774e-01
1.276562e-02 -5.475301e-02
1.278125e-02 4.740210e-02
1.279688e-02 1.519808e-01
1.281250e-02 2.490428e-01
1.282812e-02 3.473884e-01
1.284375e-02 4.367429e-01
1.285938e-02 5.184983e-01
1.287500e-02 6.021385e-01
1.289062e-02 6.749486e-01
1.290625e-02 7.469788e-01
1.292188e-02 8.144756e-01
1.293750e-02 8.662621e-01
1.295312e-02 9.139032e-01
1.296875e-02 9.466699e-01
1.298437e-02 9.680690e-01
1.300000e-02 9.846425e-01
1.301563e-02 9.898942e-01
1.303125e-02 9.895625e-01
1.304687e-02 9.817411e-01
1.306250e-02 9.605768e-01
1.307813e-02 9.330035e-01
1.309375e-02 8.939126e-01
1.310937e-02 8.462989e-01
1.312500e-02 7.895147e-01
1.314063e-02 7.266088e-01
1.315625e-02 6.554716e-01
1.317187e-02 5.770237e-01
1.318750e-02 4.941239e-01
1.320313e-02 4.052972e-01
1.321875e-02 3.142881e-01
1.323438e-02 2.222694e-01
1.325000e-02 1.220313e-01
1.326562e-02 2.503797e-02
1.328125e-02 -7.732121e-02
1.329688e-02 -1.815494e-01
1.331250e-02 -2.774400e-01
1.332812e-02 -3.743110e-01
1.334375e-02 -4.617361e-01
1.335938e-02 -5.414377e-01
1.337500e-02 -6.231416e-01
1.339062e-02 -6.943036e-01
1.340625e-02 -7.650796e-01
1.342188e-02 -8.317581e-01
1.343750e-02 -8.831404e-01
1.345313e-02 -9.307073e-01
1.346875e-02 -9.635935e-01
1.348437e-02 -9.851297e-01
1.350000e-02 -1.001663e+00
1.351563e-02 -1.006511e+00
1.353125e-02 -1.005253e+00
1.354687e-02 -9.958836e-01
1.356250e-02 -9.725190e-01
1.357813e-02 -9.421458e-01
1.359375e-02 -8.997886e-01
1.360937e-02 -8.486451e-01
1.362500e-02 -7.882340e-01
1.364063e-02 -7.219593e-01
1.365625e-02 -6.478720e-01
1.367188e-02 -5.671257e-01
1.368750e-02 -4.828102e-01
1.370312e-02 -3.934215e-01
1.371875e-02 -3.027665e-01
1.373438e-02 -2.118805e-01
1.375000e-02 -1.133660e-01
1.376562e-02 -1.845862e-02
1.378125e-02 8.170210e-02
1.379688e-02 1.838657e-01
1.381250e-02 2.780422e-01
1.382812e-02 3.737137e-01
1.384375e-02 4.605472e-01
1.385938e-02 5.402801e-01
1.387500e-02 6.225745e-01
1.389062e-02 6.947557e-01
1.390625e-02 7.667993e-01
1.392187e-02 8.347888e-01
1.393750e-02 8.873211e-01
1.395313e-02 9.356997e-01
1.396875e-02 9.689294e-01
1.398437e-02 9.902744e-01
1.400000e-02 1.006086e+00
1.401563e-02 1.009750e+00
1.403125e-02 1.006977e+00
1.404687e-02 9.959282e-01
1.406250e-02 9.709089e-01
1.407813e-02 9.390888e-01
1.409375e-02 8.956503e-01
1.410937e-02 8.439036e-01
1.412500e-02 7.832525e-01
1.414062e-02 7.172557e-01
1.415625e-02 6.436863e-01
1.417188e-02 5.635932e-01
1.418750e-02 4.800545e-01
1.420312e-02 3.911879e-01
1.421875e-02 3.007997e-01
1.423438e-02 2.097382e-01
1.425000e-02 1.105217e-01
1.426562e-02 1.439413e-02
1.428125e-02 -8.741699e-02
1.429688e-02 -1.915093e-01
1.431250e-02 -2.876960e-01
1.432812e-02 -3.852389e-01
1.434375e-02 -4.735856e-01
1.435938e-02 -5.542781e-01
1.437500e-02 -6.368300e-01
1.439063e-02 -7.084815e-01
1.440625e-02 -7.791986e-01
1.442187e-02 -8.451335e-01
1.443750e-02 -8.950253e-01
1.445313e-02 -9.403809e-01
1.446875e-02 -9.704493e-01
1.448437e-02 -9.887552e-01
1.450000e-02 -1.001557e+00
1.451563e-02 -1.002779e+00
1.453125e-02 -9.978657e-01
1.454687e-02 -9.850869e-01
1.456250e-02 -9.590329e-01
1.457813e-02 -9.263803e-01
1.459375e-02 -8.824950e-01
1.460938e-02 -8.304001e-01
1.462500e-02 -7.692239e-01
1.464062e-02 -7.024960e-01
1.465625e-02 -6.278440e-01
1.467188e-02 -5.463474e-01
1.468750e-02 -4.612390e-01
1.470312e-02 -3.706675e-01
1.471875e-02 -2.786954e-01
1.473438e-02 -1.863422e-01
1.475000e-02 -8.632594e-02
1.476562e-02 9.918002e-03
1.478125e-02 1.110114e-01
1.479688e-02 2.134689e-01
1.481250e-02 3.071062e-01
1.482813e-02 4.012803e-01
1.484375e-02 4.856222e-01
1.485937e-02 5.619305e-01
1.487500e-02 6.400240e-01
1.489063e-02 7.074664e-01
1.490625e-02 7.745320e-01
1.492187e-02 8.376338e-01
1.493750e-02 8.856975e-01
1.495313e-02 9.303218e-01
1.496875e-02 9.607450e-01
1.498437e-02 9.803795e-01
1.500000e-02 9.952834e-01
1.501563e-02 9.991137e-01
1.503125e-02 9.970120e-01
1.504687e-02 9.869390e-01
1.506250e-02 9.632035e-01
1.507812e-02 9.322563e-01
1.509375e-02 8.893147e-01
1.510938e-02 8.373427e-01
1.512500e-02 7.753729e-01
1.514062e-02 7.071732e-01
1.515625e-02 6.303979e-01
1.517188e-02 5.463647e-01
1.518750e-02 4.586584e-01
1.520312e-02 3.655064e-01
1.521875e-02 2.712943e-01
1.523438e-02 1.771505e-01
1.525000e-02 7.588028e-02
1.526562e-02 -2.103589e-02
1.528125e-02 -1.222268e-01
1.529687e-02 -2.242644e-01
1.531250e-02 -3.170627e-01
1.532813e-02 -4.101031e-01
1.534375e-02 -4.931499e-01
1.535937e-02 -5.681275e-01
1.537500e-02 -6.449592e-01
1.539063e-02 -7.112833e-01
1.540625e-02 -7.774140e-01
1.542187e-02 -8.397718e-01
1.543750e-02 -8.872618e-01
1.545313e-02 -9.314440e-01
1.546875e-02 -9.615086e-01
1.548437e-02 -9.808218e-01
1.550000e-02 -9.954054e-01
1.551562e-02 -9.988956e-01
1.553125e-02 -9.964315e-01
1.554688e-02 -9.859893e-01
1.556250e-02 -9.619079e-01
1.557812e-02 -9.306751e-01
1.559375e-02 -8.875474e-01
1.560938e-02 -8.355210e-01
1.562500e-02 -7.734771e-01
1.564063e-02 -7.053480e-01
1.565625e-02 -6.285612e-01
1.567188e-02 -5.444137e-01
1.568750e-02 -4.565839e-01
1.570312e-02 -3.630351e-01
1.571875e-02 -2.682606e-01
1.573437e-02 -1.732927e-01
1.575000e-02 -7.057465e-02
1.576562e-02 2.805028e-02
1.578125e-02 1.315474e-01
1.579688e-02 2.363460e-01
1.581250e-02 3.319409e-01
1.582813e-02 4.280868e-01
1.584375e-02 5.140811e-01
1.585937e-02 5.918203e-01
1.587500e-02 6.711048e-01
1.589062e-02 7.394069e-01
1.590625e-02 8.068753e-01
1.592188e-02 8.697934e-01
1.593750e-02 9.169785e-01
1.595313e-02 9.599604e-01
1.596875e-02 9.879604e-01
1.598438e-02 1.004434e+00
0.000000e+00 1.015284e+00
0.000000e+00 1.014569e+00
0.000000e+00 1.007316e+00
0.000000e+00 9.917399e-01
0.000000e+00 9.626064e-01
0.000000e+00 9.262929e-01
0.000000e+00 8.784764e-01
0.000000e+00 8.222212e-01
0.000000e+00 7.563530e-01
0.000000e+00 6.850924e-01
0.000000e+00 6.057662e-01
0.000000e+00 5.197593e-01
0.000000e+00 4.309221e-01
0.000000e+00 3.369932e-01
0.000000e+00 2.425687e-01
