0.000000e+00 1.280000e+02
1.000000e+00 1.290000e+02
2.000000e+00 1.300000e+02
3.000000e+00 1.310000e+02
4.000000e+00 1.320000e+02
5.000000e+00 1.330000e+02
6.000000e+00 1.340000e+02
7.000000e+00 1.500000e+02
8.000000e+00 1.500000e+02
9.000000e+00 1.350000e+02
1.000000e+01 1.280000e+02
1.100000e+01 1.290000e+02
1.200000e+01 1.300000e+02
1.300000e+01 1.310000e+02
1.400000e+01 1.470000e+02
1.500000e+01 1.320000e+02
1.600000e+01 1.330000e+02
1.700000e+01 1.340000e+02
1.800000e+01 1.350000e+02
1.900000e+01 1.280000e+02
2.000000e+01 1.290000e+02
2.100000e+01 1.300000e+02
2.200000e+01 1.310000e+02
2.300000e+01 1.320000e+02
2.400000e+01 1.330000e+02
2.500000e+01 1.490000e+02
2.600000e+01 1.340000e+02
2.700000e+01 1.350000e+02
2.800000e+01 1.280000e+02
2.900000e+01 1.290000e+02
3.000000e+01 1.300000e+02
3.100000e+01 1.310000e+02
3.200000e+01 1.320000e+02
3.300000e+01 1.330000e+02
3.400000e+01 1.340000e+02
3.500000e+01 1.350000e+02
3.600000e+01 1.280000e+02
3.700000e+01 1.290000e+02
3.800000e+01 1.450000e+02
3.900000e+01 1.300000e+02
4.000000e+01 1.460000e+02
4.100000e+01 1.460000e+02
4.200000e+01 1.310000e+02
4.300000e+01 1.320000e+02
4.400000e+01 1.330000e+02
4.500000e+01 1.340000e+02
4.600000e+01 1.500000e+02
4.700000e+01 1.350000e+02
4.800000e+01 1.280000e+02
4.900000e+01 1.290000e+02
5.000000e+01 1.300000e+02
5.100000e+01 1.310000e+02
5.200000e+01 1.320000e+02
5.300000e+01 1.330000e+02
5.400000e+01 1.340000e+02
5.500000e+01 1.350000e+02
5.600000e+01 1.280000e+02
5.700000e+01 1.290000e+02
5.800000e+01 1.300000e+02
5.900000e+01 1.310000e+02
6.000000e+01 1.320000e+02
6.100000e+01 1.480000e+02
6.200000e+01 1.480000e+02
6.300000e+01 1.330000e+02
6.400000e+01 1.340000e+02
6.500000e+01 1.350000e+02
6.600000e+01 1.280000e+02
6.700000e+01 1.290000e+02
6.800000e+01 1.450000e+02
6.900000e+01 1.300000e+02
7.000000e+01 1.310000e+02
7.100000e+01 1.320000e+02
7.200000e+01 1.330000e+02
7.300000e+01 1.340000e+02
7.400000e+01 1.350000e+02
7.500000e+01 1.510000e+02
