128         
129         
130         
131         
132         
133         
134         
150         
150         
135         
128         
129         
130         
131         
147         
132         
133         
134         
135         
128         
129         
130         
131         
132         
133         
149         
134         
135         
128         
129         
130         
131         
132         
133         
134         
135         
128         
129         
145         
130         
146         
146         
131         
132         
133         
134         
150         
135         
128         
129         
130         
131         
132         
133         
134         
135         
128         
129         
130         
131         
132         
148         
148         
133         
134         
135         
128         
129         
145         
130         
131         
132         
133         
134         
135         
151         
128         
