0.000000e+000 1.577637e+000
1.562500e-005 1.577637e+000
3.125000e-005 1.577637e+000
4.687500e-005 1.577637e+000
6.250000e-005 0.000000e+000
7.812500e-005 0.000000e+000
9.375000e-005 0.000000e+000
1.093750e-004 0.000000e+000
1.250000e-004 2.299805e-001
1.406250e-004 2.299805e-001
1.562500e-004 2.299805e-001
1.718750e-004 2.299805e-001
1.875000e-004 0.000000e+000
2.031250e-004 0.000000e+000
2.187500e-004 0.000000e+000
2.343750e-004 0.000000e+000
2.500000e-004 -1.265137e+000
2.656250e-004 -1.265137e+000
2.812500e-004 -1.265137e+000
2.968750e-004 -1.265137e+000
3.125000e-004 0.000000e+000
3.281250e-004 0.000000e+000
3.437500e-004 0.000000e+000
3.593750e-004 0.000000e+000
3.750000e-004 -2.000000e+000
3.906250e-004 -2.000000e+000
4.062500e-004 -2.000000e+000
4.218750e-004 -2.000000e+000
4.375000e-004 0.000000e+000
4.531250e-004 0.000000e+000
4.687500e-004 0.000000e+000
4.843750e-004 0.000000e+000
5.000000e-004 -1.577637e+000
5.156250e-004 -1.577637e+000
5.312500e-004 -1.577637e+000
5.468750e-004 -1.577637e+000
5.625000e-004 0.000000e+000
5.781250e-004 0.000000e+000
5.937500e-004 0.000000e+000
6.093750e-004 0.000000e+000
6.250000e-004 -2.143555e-001
6.406250e-004 -2.143555e-001
6.562500e-004 -2.143555e-001
6.718750e-004 -2.143555e-001
6.875000e-004 0.000000e+000
7.031250e-004 0.000000e+000
7.187500e-004 0.000000e+000
7.343750e-004 0.000000e+000
7.500000e-004 1.265137e+000
7.656250e-004 1.265137e+000
7.812500e-004 1.265137e+000
7.968750e-004 1.265137e+000
8.125000e-004 0.000000e+000
8.281250e-004 0.000000e+000
8.437500e-004 0.000000e+000
8.593750e-004 0.000000e+000
8.750000e-004 2.000000e+000
8.906250e-004 2.000000e+000
9.062500e-004 2.000000e+000
9.218750e-004 2.000000e+000
9.375000e-004 0.000000e+000
9.531250e-004 0.000000e+000
9.687500e-004 0.000000e+000
9.843750e-004 0.000000e+000
1.000000e-003 1.577637e+000
1.015625e-003 1.577637e+000
1.031250e-003 1.577637e+000
1.046875e-003 1.577637e+000
1.062500e-003 0.000000e+000
1.078125e-003 0.000000e+000
1.093750e-003 0.000000e+000
1.109375e-003 0.000000e+000
1.125000e-003 2.065430e-001
1.140625e-003 2.065430e-001
1.156250e-003 2.065430e-001
1.171875e-003 2.065430e-001
1.187500e-003 0.000000e+000
1.203125e-003 0.000000e+000
1.218750e-003 0.000000e+000
1.234375e-003 0.000000e+000
1.250000e-003 -1.265137e+000
1.265625e-003 -1.265137e+000
1.281250e-003 -1.265137e+000
1.296875e-003 -1.265137e+000
1.312500e-003 0.000000e+000
1.328125e-003 0.000000e+000
1.343750e-003 0.000000e+000
1.359375e-003 0.000000e+000
1.375000e-003 -1.952637e+000
1.390625e-003 -1.952637e+000
1.406250e-003 -1.952637e+000
1.421875e-003 -1.952637e+000
1.437500e-003 0.000000e+000
1.453125e-003 0.000000e+000
1.468750e-003 0.000000e+000
1.484375e-003 0.000000e+000
1.500000e-003 -1.515137e+000
1.515625e-003 -1.515137e+000
1.531250e-003 -1.515137e+000
1.546875e-003 -1.515137e+000
1.562500e-003 0.000000e+000
1.578125e-003 0.000000e+000
1.593750e-003 0.000000e+000
1.609375e-003 0.000000e+000
1.625000e-003 -1.518555e-001
1.640625e-003 -1.518555e-001
1.656250e-003 -1.518555e-001
1.671875e-003 -1.518555e-001
1.687500e-003 0.000000e+000
1.703125e-003 0.000000e+000
1.718750e-003 0.000000e+000
1.734375e-003 0.000000e+000
1.750000e-003 1.327637e+000
1.765625e-003 1.327637e+000
1.781250e-003 1.327637e+000
1.796875e-003 1.327637e+000
1.812500e-003 0.000000e+000
1.828125e-003 0.000000e+000
1.843750e-003 0.000000e+000
1.859375e-003 0.000000e+000
1.875000e-003 2.000000e+000
1.890625e-003 2.000000e+000
1.906250e-003 2.000000e+000
1.921875e-003 2.000000e+000
1.937500e-003 0.000000e+000
1.953125e-003 0.000000e+000
1.968750e-003 0.000000e+000
1.984375e-003 0.000000e+000
2.000000e-003 1.515137e+000
2.015625e-003 1.515137e+000
2.031250e-003 1.515137e+000
2.046875e-003 1.515137e+000
2.062500e-003 0.000000e+000
2.078125e-003 0.000000e+000
2.093750e-003 0.000000e+000
2.109375e-003 0.000000e+000
2.125000e-003 1.518555e-001
2.140625e-003 1.518555e-001
2.156250e-003 1.518555e-001
2.171875e-003 1.518555e-001
2.187500e-003 0.000000e+000
2.203125e-003 0.000000e+000
2.218750e-003 0.000000e+000
2.234375e-003 0.000000e+000
2.250000e-003 -1.327637e+000
2.265625e-003 -1.327637e+000
2.281250e-003 -1.327637e+000
2.296875e-003 -1.327637e+000
2.312500e-003 0.000000e+000
2.328125e-003 0.000000e+000
2.343750e-003 0.000000e+000
2.359375e-003 0.000000e+000
2.375000e-003 -2.000000e+000
2.390625e-003 -2.000000e+000
2.406250e-003 -2.000000e+000
2.421875e-003 -2.000000e+000
2.437500e-003 0.000000e+000
2.453125e-003 0.000000e+000
2.468750e-003 0.000000e+000
2.484375e-003 0.000000e+000
2.500000e-003 -1.515137e+000
2.515625e-003 -1.515137e+000
2.531250e-003 -1.515137e+000
2.546875e-003 -1.515137e+000
2.562500e-003 0.000000e+000
2.578125e-003 0.000000e+000
2.593750e-003 0.000000e+000
2.609375e-003 0.000000e+000
2.625000e-003 -1.127930e-001
2.640625e-003 -1.127930e-001
2.656250e-003 -1.127930e-001
2.671875e-003 -1.127930e-001
2.687500e-003 0.000000e+000
2.703125e-003 0.000000e+000
2.718750e-003 0.000000e+000
2.734375e-003 0.000000e+000
2.750000e-003 1.327637e+000
2.765625e-003 1.327637e+000
2.781250e-003 1.327637e+000
2.796875e-003 1.327637e+000
2.812500e-003 0.000000e+000
2.828125e-003 0.000000e+000
2.843750e-003 0.000000e+000
2.859375e-003 0.000000e+000
2.875000e-003 2.000000e+000
2.890625e-003 2.000000e+000
2.906250e-003 2.000000e+000
2.921875e-003 2.000000e+000
2.937500e-003 0.000000e+000
2.953125e-003 0.000000e+000
2.968750e-003 0.000000e+000
2.984375e-003 0.000000e+000
3.000000e-003 1.452637e+000
3.015625e-003 1.452637e+000
3.031250e-003 1.452637e+000
3.046875e-003 1.452637e+000
3.062500e-003 0.000000e+000
3.078125e-003 0.000000e+000
3.093750e-003 0.000000e+000
3.109375e-003 0.000000e+000
3.125000e-003 8.740234e-002
3.140625e-003 8.740234e-002
3.156250e-003 8.740234e-002
3.171875e-003 8.740234e-002
3.187500e-003 0.000000e+000
3.203125e-003 0.000000e+000
3.218750e-003 0.000000e+000
3.234375e-003 0.000000e+000
3.250000e-003 -1.327637e+000
3.265625e-003 -1.327637e+000
3.281250e-003 -1.327637e+000
3.296875e-003 -1.327637e+000
3.312500e-003 0.000000e+000
3.328125e-003 0.000000e+000
3.343750e-003 0.000000e+000
3.359375e-003 0.000000e+000
3.375000e-003 -2.000000e+000
3.390625e-003 -2.000000e+000
3.406250e-003 -2.000000e+000
3.421875e-003 -2.000000e+000
3.437500e-003 0.000000e+000
3.453125e-003 0.000000e+000
3.468750e-003 0.000000e+000
3.484375e-003 0.000000e+000
3.500000e-003 -1.452637e+000
3.515625e-003 -1.452637e+000
3.531250e-003 -1.452637e+000
3.546875e-003 -1.452637e+000
3.562500e-003 0.000000e+000
3.578125e-003 0.000000e+000
3.593750e-003 0.000000e+000
3.609375e-003 0.000000e+000
3.625000e-003 -7.568359e-002
3.640625e-003 -7.568359e-002
3.656250e-003 -7.568359e-002
3.671875e-003 -7.568359e-002
3.687500e-003 0.000000e+000
3.703125e-003 0.000000e+000
3.718750e-003 0.000000e+000
3.734375e-003 0.000000e+000
3.750000e-003 1.390137e+000
3.765625e-003 1.390137e+000
3.781250e-003 1.390137e+000
3.796875e-003 1.390137e+000
3.812500e-003 0.000000e+000
3.828125e-003 0.000000e+000
3.843750e-003 0.000000e+000
3.859375e-003 0.000000e+000
3.875000e-003 2.000000e+000
3.890625e-003 2.000000e+000
3.906250e-003 2.000000e+000
3.921875e-003 2.000000e+000
3.937500e-003 0.000000e+000
3.953125e-003 0.000000e+000
3.968750e-003 0.000000e+000
3.984375e-003 0.000000e+000
4.000000e-003 1.452637e+000
4.015625e-003 1.452637e+000
4.031250e-003 1.452637e+000
4.046875e-003 1.452637e+000
4.062500e-003 0.000000e+000
4.078125e-003 0.000000e+000
4.093750e-003 0.000000e+000
4.109375e-003 0.000000e+000
4.125000e-003 3.564453e-002
4.140625e-003 3.564453e-002
4.156250e-003 3.564453e-002
4.171875e-003 3.564453e-002
4.187500e-003 0.000000e+000
4.203125e-003 0.000000e+000
4.218750e-003 0.000000e+000
4.234375e-003 0.000000e+000
4.250000e-003 -1.390137e+000
4.265625e-003 -1.390137e+000
4.281250e-003 -1.390137e+000
4.296875e-003 -1.390137e+000
4.312500e-003 0.000000e+000
4.328125e-003 0.000000e+000
4.343750e-003 0.000000e+000
4.359375e-003 0.000000e+000
4.375000e-003 -2.000000e+000
4.390625e-003 -2.000000e+000
4.406250e-003 -2.000000e+000
4.421875e-003 -2.000000e+000
4.437500e-003 0.000000e+000
4.453125e-003 0.000000e+000
4.468750e-003 0.000000e+000
4.484375e-003 0.000000e+000
4.500000e-003 -1.452637e+000
4.515625e-003 -1.452637e+000
4.531250e-003 -1.452637e+000
4.546875e-003 -1.452637e+000
4.562500e-003 0.000000e+000
4.578125e-003 0.000000e+000
4.593750e-003 0.000000e+000
4.609375e-003 0.000000e+000
4.625000e-003 -2.197266e-002
4.640625e-003 -2.197266e-002
4.656250e-003 -2.197266e-002
4.671875e-003 -2.197266e-002
4.687500e-003 0.000000e+000
4.703125e-003 0.000000e+000
4.718750e-003 0.000000e+000
4.734375e-003 0.000000e+000
4.750000e-003 1.390137e+000
4.765625e-003 1.390137e+000
4.781250e-003 1.390137e+000
4.796875e-003 1.390137e+000
4.812500e-003 0.000000e+000
4.828125e-003 0.000000e+000
4.843750e-003 0.000000e+000
4.859375e-003 0.000000e+000
4.875000e-003 2.000000e+000
4.890625e-003 2.000000e+000
4.906250e-003 2.000000e+000
4.921875e-003 2.000000e+000
4.937500e-003 0.000000e+000
4.953125e-003 0.000000e+000
4.968750e-003 0.000000e+000
4.984375e-003 0.000000e+000
5.000000e-003 1.390137e+000
5.015625e-003 1.390137e+000
5.031250e-003 1.390137e+000
5.046875e-003 1.390137e+000
5.062500e-003 0.000000e+000
5.078125e-003 0.000000e+000
5.093750e-003 0.000000e+000
5.109375e-003 0.000000e+000
5.125000e-003 -6.835938e-003
5.140625e-003 -6.835938e-003
5.156250e-003 -6.835938e-003
5.171875e-003 -6.835938e-003
5.187500e-003 0.000000e+000
5.203125e-003 0.000000e+000
5.218750e-003 0.000000e+000
5.234375e-003 0.000000e+000
5.250000e-003 -1.390137e+000
5.265625e-003 -1.390137e+000
5.281250e-003 -1.390137e+000
5.296875e-003 -1.390137e+000
5.312500e-003 0.000000e+000
5.328125e-003 0.000000e+000
5.343750e-003 0.000000e+000
5.359375e-003 0.000000e+000
5.375000e-003 -2.000000e+000
5.390625e-003 -2.000000e+000
5.406250e-003 -2.000000e+000
5.421875e-003 -2.000000e+000
5.437500e-003 0.000000e+000
5.453125e-003 0.000000e+000
5.468750e-003 0.000000e+000
5.484375e-003 0.000000e+000
5.500000e-003 -1.390137e+000
5.515625e-003 -1.390137e+000
5.531250e-003 -1.390137e+000
5.546875e-003 -1.390137e+000
5.562500e-003 0.000000e+000
5.578125e-003 0.000000e+000
5.593750e-003 0.000000e+000
5.609375e-003 0.000000e+000
5.625000e-003 3.759766e-002
5.640625e-003 3.759766e-002
5.656250e-003 3.759766e-002
5.671875e-003 3.759766e-002
5.687500e-003 0.000000e+000
5.703125e-003 0.000000e+000
5.718750e-003 0.000000e+000
5.734375e-003 0.000000e+000
5.750000e-003 1.452637e+000
5.765625e-003 1.452637e+000
5.781250e-003 1.452637e+000
5.796875e-003 1.452637e+000
5.812500e-003 0.000000e+000
5.828125e-003 0.000000e+000
5.843750e-003 0.000000e+000
5.859375e-003 0.000000e+000
5.875000e-003 2.000000e+000
5.890625e-003 2.000000e+000
5.906250e-003 2.000000e+000
5.921875e-003 2.000000e+000
5.937500e-003 0.000000e+000
5.953125e-003 0.000000e+000
5.968750e-003 0.000000e+000
5.984375e-003 0.000000e+000
6.000000e-003 1.390137e+000
6.015625e-003 1.390137e+000
6.031250e-003 1.390137e+000
6.046875e-003 1.390137e+000
6.062500e-003 0.000000e+000
6.078125e-003 0.000000e+000
6.093750e-003 0.000000e+000
6.109375e-003 0.000000e+000
6.125000e-003 -5.224609e-002
6.140625e-003 -5.224609e-002
6.156250e-003 -5.224609e-002
6.171875e-003 -5.224609e-002
6.187500e-003 0.000000e+000
6.203125e-003 0.000000e+000
6.218750e-003 0.000000e+000
6.234375e-003 0.000000e+000
6.250000e-003 -1.452637e+000
6.265625e-003 -1.452637e+000
6.281250e-003 -1.452637e+000
6.296875e-003 -1.452637e+000
6.312500e-003 0.000000e+000
6.328125e-003 0.000000e+000
6.343750e-003 0.000000e+000
6.359375e-003 0.000000e+000
6.375000e-003 -2.000000e+000
6.390625e-003 -2.000000e+000
6.406250e-003 -2.000000e+000
6.421875e-003 -2.000000e+000
6.437500e-003 0.000000e+000
6.453125e-003 0.000000e+000
6.468750e-003 0.000000e+000
6.484375e-003 0.000000e+000
6.500000e-003 -1.327637e+000
6.515625e-003 -1.327637e+000
6.531250e-003 -1.327637e+000
6.546875e-003 -1.327637e+000
6.562500e-003 0.000000e+000
6.578125e-003 0.000000e+000
6.593750e-003 0.000000e+000
6.609375e-003 0.000000e+000
6.625000e-003 8.740234e-002
6.640625e-003 8.740234e-002
6.656250e-003 8.740234e-002
6.671875e-003 8.740234e-002
6.687500e-003 0.000000e+000
6.703125e-003 0.000000e+000
6.718750e-003 0.000000e+000
6.734375e-003 0.000000e+000
6.750000e-003 1.452637e+000
6.765625e-003 1.452637e+000
6.781250e-003 1.452637e+000
6.796875e-003 1.452637e+000
6.812500e-003 0.000000e+000
6.828125e-003 0.000000e+000
6.843750e-003 0.000000e+000
6.859375e-003 0.000000e+000
6.875000e-003 2.000000e+000
6.890625e-003 2.000000e+000
6.906250e-003 2.000000e+000
6.921875e-003 2.000000e+000
6.937500e-003 0.000000e+000
6.953125e-003 0.000000e+000
6.968750e-003 0.000000e+000
6.984375e-003 0.000000e+000
7.000000e-003 1.327637e+000
7.015625e-003 1.327637e+000
7.031250e-003 1.327637e+000
7.046875e-003 1.327637e+000
7.062500e-003 0.000000e+000
7.078125e-003 0.000000e+000
7.093750e-003 0.000000e+000
7.109375e-003 0.000000e+000
7.125000e-003 -1.069336e-001
7.140625e-003 -1.069336e-001
7.156250e-003 -1.069336e-001
7.171875e-003 -1.069336e-001
7.187500e-003 0.000000e+000
7.203125e-003 0.000000e+000
7.218750e-003 0.000000e+000
7.234375e-003 0.000000e+000
7.250000e-003 -1.515137e+000
7.265625e-003 -1.515137e+000
7.281250e-003 -1.515137e+000
7.296875e-003 -1.515137e+000
7.312500e-003 0.000000e+000
7.328125e-003 0.000000e+000
7.343750e-003 0.000000e+000
7.359375e-003 0.000000e+000
7.375000e-003 -2.000000e+000
7.390625e-003 -2.000000e+000
7.406250e-003 -2.000000e+000
7.421875e-003 -2.000000e+000
7.437500e-003 0.000000e+000
7.453125e-003 0.000000e+000
7.468750e-003 0.000000e+000
7.484375e-003 0.000000e+000
7.500000e-003 -1.327637e+000
7.515625e-003 -1.327637e+000
7.531250e-003 -1.327637e+000
7.546875e-003 -1.327637e+000
7.562500e-003 0.000000e+000
7.578125e-003 0.000000e+000
7.593750e-003 0.000000e+000
7.609375e-003 0.000000e+000
7.625000e-003 1.284180e-001
7.640625e-003 1.284180e-001
7.656250e-003 1.284180e-001
7.671875e-003 1.284180e-001
7.687500e-003 0.000000e+000
7.703125e-003 0.000000e+000
7.718750e-003 0.000000e+000
7.734375e-003 0.000000e+000
7.750000e-003 1.515137e+000
7.765625e-003 1.515137e+000
7.781250e-003 1.515137e+000
7.796875e-003 1.515137e+000
7.812500e-003 0.000000e+000
7.828125e-003 0.000000e+000
7.843750e-003 0.000000e+000
7.859375e-003 0.000000e+000
7.875000e-003 2.000000e+000
7.890625e-003 2.000000e+000
7.906250e-003 2.000000e+000
7.921875e-003 2.000000e+000
7.937500e-003 0.000000e+000
7.953125e-003 0.000000e+000
7.968750e-003 0.000000e+000
7.984375e-003 0.000000e+000
8.000000e-003 1.327637e+000
8.015625e-003 1.327637e+000
8.031250e-003 1.327637e+000
8.046875e-003 1.327637e+000
8.062500e-003 0.000000e+000
8.078125e-003 0.000000e+000
8.093750e-003 0.000000e+000
8.109375e-003 0.000000e+000
8.125000e-003 -1.596680e-001
8.140625e-003 -1.596680e-001
8.156250e-003 -1.596680e-001
8.171875e-003 -1.596680e-001
8.187500e-003 0.000000e+000
8.203125e-003 0.000000e+000
8.218750e-003 0.000000e+000
8.234375e-003 0.000000e+000
8.250000e-003 -1.515137e+000
8.265625e-003 -1.515137e+000
8.281250e-003 -1.515137e+000
8.296875e-003 -1.515137e+000
8.312500e-003 0.000000e+000
8.328125e-003 0.000000e+000
8.343750e-003 0.000000e+000
8.359375e-003 0.000000e+000
8.375000e-003 -2.000000e+000
8.390625e-003 -2.000000e+000
8.406250e-003 -2.000000e+000
8.421875e-003 -2.000000e+000
8.437500e-003 0.000000e+000
8.453125e-003 0.000000e+000
8.468750e-003 0.000000e+000
8.484375e-003 0.000000e+000
8.500000e-003 -1.265137e+000
8.515625e-003 -1.265137e+000
8.531250e-003 -1.265137e+000
8.546875e-003 -1.265137e+000
8.562500e-003 0.000000e+000
8.578125e-003 0.000000e+000
8.593750e-003 0.000000e+000
8.609375e-003 0.000000e+000
8.625000e-003 1.752930e-001
8.640625e-003 1.752930e-001
8.656250e-003 1.752930e-001
8.671875e-003 1.752930e-001
8.687500e-003 0.000000e+000
8.703125e-003 0.000000e+000
8.718750e-003 0.000000e+000
8.734375e-003 0.000000e+000
8.750000e-003 1.515137e+000
8.765625e-003 1.515137e+000
8.781250e-003 1.515137e+000
8.796875e-003 1.515137e+000
8.812500e-003 0.000000e+000
8.828125e-003 0.000000e+000
8.843750e-003 0.000000e+000
8.859375e-003 0.000000e+000
8.875000e-003 2.000000e+000
8.890625e-003 2.000000e+000
8.906250e-003 2.000000e+000
8.921875e-003 2.000000e+000
8.937500e-003 0.000000e+000
8.953125e-003 0.000000e+000
8.968750e-003 0.000000e+000
8.984375e-003 0.000000e+000
9.000000e-003 1.265137e+000
9.015625e-003 1.265137e+000
9.031250e-003 1.265137e+000
9.046875e-003 1.265137e+000
9.062500e-003 0.000000e+000
9.078125e-003 0.000000e+000
9.093750e-003 0.000000e+000
9.109375e-003 0.000000e+000
9.125000e-003 -2.143555e-001
9.140625e-003 -2.143555e-001
9.156250e-003 -2.143555e-001
9.171875e-003 -2.143555e-001
9.187500e-003 0.000000e+000
9.203125e-003 0.000000e+000
9.218750e-003 0.000000e+000
9.234375e-003 0.000000e+000
9.250000e-003 -1.577637e+000
9.265625e-003 -1.577637e+000
9.281250e-003 -1.577637e+000
9.296875e-003 -1.577637e+000
9.312500e-003 0.000000e+000
9.328125e-003 0.000000e+000
9.343750e-003 0.000000e+000
9.359375e-003 0.000000e+000
9.375000e-003 -2.000000e+000
9.390625e-003 -2.000000e+000
9.406250e-003 -2.000000e+000
9.421875e-003 -2.000000e+000
9.437500e-003 0.000000e+000
9.453125e-003 0.000000e+000
9.468750e-003 0.000000e+000
9.484375e-003 0.000000e+000
9.500000e-003 -1.265137e+000
9.515625e-003 -1.265137e+000
9.531250e-003 -1.265137e+000
9.546875e-003 -1.265137e+000
9.562500e-003 0.000000e+000
9.578125e-003 0.000000e+000
9.593750e-003 0.000000e+000
9.609375e-003 0.000000e+000
9.625000e-003 2.299805e-001
9.640625e-003 2.299805e-001
9.656250e-003 2.299805e-001
9.671875e-003 2.299805e-001
9.687500e-003 0.000000e+000
9.703125e-003 0.000000e+000
9.718750e-003 0.000000e+000
9.734375e-003 0.000000e+000
9.750000e-003 1.577637e+000
9.765625e-003 1.577637e+000
9.781250e-003 1.577637e+000
9.796875e-003 1.577637e+000
9.812500e-003 0.000000e+000
9.828125e-003 0.000000e+000
9.843750e-003 0.000000e+000
9.859375e-003 0.000000e+000
9.875000e-003 1.952637e+000
9.890625e-003 1.952637e+000
9.906250e-003 1.952637e+000
9.921875e-003 1.952637e+000
9.937500e-003 0.000000e+000
9.953125e-003 0.000000e+000
9.968750e-003 0.000000e+000
9.984375e-003 0.000000e+000
1.000000e-002 1.202637e+000
1.001562e-002 1.202637e+000
1.003125e-002 1.202637e+000
1.004688e-002 1.202637e+000
1.006250e-002 0.000000e+000
1.007812e-002 0.000000e+000
1.009375e-002 0.000000e+000
1.010938e-002 0.000000e+000
1.012500e-002 -2.573242e-001
1.014062e-002 -2.573242e-001
1.015625e-002 -2.573242e-001
1.017188e-002 -2.573242e-001
1.018750e-002 0.000000e+000
1.020312e-002 0.000000e+000
1.021875e-002 0.000000e+000
1.023437e-002 0.000000e+000
1.025000e-002 -1.577637e+000
1.026563e-002 -1.577637e+000
1.028125e-002 -1.577637e+000
1.029687e-002 -1.577637e+000
1.031250e-002 0.000000e+000
1.032813e-002 0.000000e+000
1.034375e-002 0.000000e+000
1.035937e-002 0.000000e+000
1.037500e-002 -1.952637e+000
1.039063e-002 -1.952637e+000
1.040625e-002 -1.952637e+000
1.042187e-002 -1.952637e+000
1.043750e-002 0.000000e+000
1.045313e-002 0.000000e+000
1.046875e-002 0.000000e+000
1.048438e-002 0.000000e+000
1.050000e-002 -1.202637e+000
1.051562e-002 -1.202637e+000
1.053125e-002 -1.202637e+000
1.054688e-002 -1.202637e+000
1.056250e-002 0.000000e+000
1.057812e-002 0.000000e+000
1.059375e-002 0.000000e+000
1.060938e-002 0.000000e+000
1.062500e-002 2.885742e-001
1.064062e-002 2.885742e-001
1.065625e-002 2.885742e-001
1.067188e-002 2.885742e-001
1.068750e-002 0.000000e+000
1.070313e-002 0.000000e+000
1.071875e-002 0.000000e+000
1.073437e-002 0.000000e+000
1.075000e-002 1.577637e+000
1.076563e-002 1.577637e+000
1.078125e-002 1.577637e+000
1.079687e-002 1.577637e+000
1.081250e-002 0.000000e+000
1.082813e-002 0.000000e+000
1.084375e-002 0.000000e+000
1.085937e-002 0.000000e+000
1.087500e-002 1.952637e+000
1.089063e-002 1.952637e+000
1.090625e-002 1.952637e+000
1.092188e-002 1.952637e+000
1.093750e-002 0.000000e+000
1.095312e-002 0.000000e+000
1.096875e-002 0.000000e+000
1.098438e-002 0.000000e+000
1.100000e-002 1.202637e+000
1.101562e-002 1.202637e+000
1.103125e-002 1.202637e+000
1.104688e-002 1.202637e+000
1.106250e-002 0.000000e+000
1.107812e-002 0.000000e+000
1.109375e-002 0.000000e+000
1.110938e-002 0.000000e+000
1.112500e-002 -3.041992e-001
1.114062e-002 -3.041992e-001
1.115625e-002 -3.041992e-001
1.117187e-002 -3.041992e-001
1.118750e-002 0.000000e+000
1.120313e-002 0.000000e+000
1.121875e-002 0.000000e+000
1.123437e-002 0.000000e+000
1.125000e-002 -1.640137e+000
1.126563e-002 -1.640137e+000
1.128125e-002 -1.640137e+000
1.129687e-002 -1.640137e+000
1.131250e-002 0.000000e+000
1.132813e-002 0.000000e+000
1.134375e-002 0.000000e+000
1.135937e-002 0.000000e+000
1.137500e-002 -1.952637e+000
1.139062e-002 -1.952637e+000
1.140625e-002 -1.952637e+000
1.142188e-002 -1.952637e+000
1.143750e-002 0.000000e+000
1.145312e-002 0.000000e+000
1.146875e-002 0.000000e+000
1.148438e-002 0.000000e+000
1.150000e-002 -1.140137e+000
1.151562e-002 -1.140137e+000
1.153125e-002 -1.140137e+000
1.154688e-002 -1.140137e+000
1.156250e-002 0.000000e+000
1.157812e-002 0.000000e+000
1.159375e-002 0.000000e+000
1.160937e-002 0.000000e+000
1.162500e-002 3.354492e-001
1.164063e-002 3.354492e-001
1.165625e-002 3.354492e-001
1.167187e-002 3.354492e-001
1.168750e-002 0.000000e+000
1.170313e-002 0.000000e+000
1.171875e-002 0.000000e+000
1.173437e-002 0.000000e+000
1.175000e-002 1.640137e+000
1.176563e-002 1.640137e+000
1.178125e-002 1.640137e+000
1.179687e-002 1.640137e+000
1.181250e-002 0.000000e+000
1.182813e-002 0.000000e+000
1.184375e-002 0.000000e+000
1.185938e-002 0.000000e+000
1.187500e-002 1.952637e+000
1.189062e-002 1.952637e+000
1.190625e-002 1.952637e+000
1.192188e-002 1.952637e+000
1.193750e-002 0.000000e+000
1.195312e-002 0.000000e+000
1.196875e-002 0.000000e+000
1.198438e-002 0.000000e+000
1.200000e-002 1.140137e+000
1.201562e-002 1.140137e+000
1.203125e-002 1.140137e+000
1.204688e-002 1.140137e+000
1.206250e-002 0.000000e+000
1.207813e-002 0.000000e+000
1.209375e-002 0.000000e+000
1.210937e-002 0.000000e+000
1.212500e-002 -3.510742e-001
1.214063e-002 -3.510742e-001
1.215625e-002 -3.510742e-001
1.217187e-002 -3.510742e-001
1.218750e-002 0.000000e+000
1.220313e-002 0.000000e+000
1.221875e-002 0.000000e+000
1.223437e-002 0.000000e+000
1.225000e-002 -1.640137e+000
1.226563e-002 -1.640137e+000
1.228125e-002 -1.640137e+000
1.229688e-002 -1.640137e+000
1.231250e-002 0.000000e+000
1.232812e-002 0.000000e+000
1.234375e-002 0.000000e+000
1.235938e-002 0.000000e+000
1.237500e-002 -1.952637e+000
1.239062e-002 -1.952637e+000
1.240625e-002 -1.952637e+000
1.242188e-002 -1.952637e+000
1.243750e-002 0.000000e+000
1.245312e-002 0.000000e+000
1.246875e-002 0.000000e+000
1.248438e-002 0.000000e+000
1.250000e-002 -1.140137e+000
1.251562e-002 -1.140137e+000
1.253125e-002 -1.140137e+000
1.254687e-002 -1.140137e+000
1.256250e-002 0.000000e+000
1.257813e-002 0.000000e+000
1.259375e-002 0.000000e+000
1.260937e-002 0.000000e+000
1.262500e-002 3.823242e-001
1.264063e-002 3.823242e-001
1.265625e-002 3.823242e-001
1.267187e-002 3.823242e-001
1.268750e-002 0.000000e+000
1.270313e-002 0.000000e+000
1.271875e-002 0.000000e+000
1.273437e-002 0.000000e+000
1.275000e-002 1.640137e+000
1.276562e-002 1.640137e+000
1.278125e-002 1.640137e+000
1.279688e-002 1.640137e+000
1.281250e-002 0.000000e+000
1.282812e-002 0.000000e+000
1.284375e-002 0.000000e+000
1.285938e-002 0.000000e+000
1.287500e-002 1.952637e+000
1.289062e-002 1.952637e+000
1.290625e-002 1.952637e+000
1.292188e-002 1.952637e+000
1.293750e-002 0.000000e+000
1.295312e-002 0.000000e+000
1.296875e-002 0.000000e+000
1.298437e-002 0.000000e+000
1.300000e-002 1.077637e+000
1.301563e-002 1.077637e+000
1.303125e-002 1.077637e+000
1.304687e-002 1.077637e+000
1.306250e-002 0.000000e+000
1.307813e-002 0.000000e+000
1.309375e-002 0.000000e+000
1.310937e-002 0.000000e+000
1.312500e-002 -4.135742e-001
1.314063e-002 -4.135742e-001
1.315625e-002 -4.135742e-001
1.317187e-002 -4.135742e-001
1.318750e-002 0.000000e+000
1.320313e-002 0.000000e+000
1.321875e-002 0.000000e+000
1.323438e-002 0.000000e+000
1.325000e-002 -1.702637e+000
1.326562e-002 -1.702637e+000
1.328125e-002 -1.702637e+000
1.329688e-002 -1.702637e+000
1.331250e-002 0.000000e+000
1.332812e-002 0.000000e+000
1.334375e-002 0.000000e+000
1.335938e-002 0.000000e+000
1.337500e-002 -1.952637e+000
1.339062e-002 -1.952637e+000
1.340625e-002 -1.952637e+000
1.342188e-002 -1.952637e+000
1.343750e-002 0.000000e+000
1.345313e-002 0.000000e+000
1.346875e-002 0.000000e+000
1.348437e-002 0.000000e+000
1.350000e-002 -1.077637e+000
1.351563e-002 -1.077637e+000
1.353125e-002 -1.077637e+000
1.354687e-002 -1.077637e+000
1.356250e-002 0.000000e+000
1.357813e-002 0.000000e+000
1.359375e-002 0.000000e+000
1.360937e-002 0.000000e+000
1.362500e-002 4.291992e-001
1.364063e-002 4.291992e-001
1.365625e-002 4.291992e-001
1.367188e-002 4.291992e-001
1.368750e-002 0.000000e+000
1.370312e-002 0.000000e+000
1.371875e-002 0.000000e+000
1.373438e-002 0.000000e+000
1.375000e-002 1.702637e+000
1.376562e-002 1.702637e+000
1.378125e-002 1.702637e+000
1.379688e-002 1.702637e+000
1.381250e-002 0.000000e+000
1.382812e-002 0.000000e+000
1.384375e-002 0.000000e+000
1.385938e-002 0.000000e+000
1.387500e-002 1.952637e+000
1.389062e-002 1.952637e+000
1.390625e-002 1.952637e+000
1.392187e-002 1.952637e+000
1.393750e-002 0.000000e+000
1.395313e-002 0.000000e+000
1.396875e-002 0.000000e+000
1.398437e-002 0.000000e+000
1.400000e-002 1.077637e+000
1.401563e-002 1.077637e+000
1.403125e-002 1.077637e+000
1.404687e-002 1.077637e+000
1.406250e-002 0.000000e+000
1.407813e-002 0.000000e+000
1.409375e-002 0.000000e+000
1.410937e-002 0.000000e+000
1.412500e-002 -4.604492e-001
1.414062e-002 -4.604492e-001
1.415625e-002 -4.604492e-001
1.417188e-002 -4.604492e-001
1.418750e-002 0.000000e+000
1.420312e-002 0.000000e+000
1.421875e-002 0.000000e+000
1.423438e-002 0.000000e+000
1.425000e-002 -1.702637e+000
1.426562e-002 -1.702637e+000
1.428125e-002 -1.702637e+000
1.429688e-002 -1.702637e+000
1.431250e-002 0.000000e+000
1.432812e-002 0.000000e+000
1.434375e-002 0.000000e+000
1.435938e-002 0.000000e+000
1.437500e-002 -1.952637e+000
1.439063e-002 -1.952637e+000
1.440625e-002 -1.952637e+000
1.442187e-002 -1.952637e+000
1.443750e-002 0.000000e+000
1.445313e-002 0.000000e+000
1.446875e-002 0.000000e+000
1.448437e-002 0.000000e+000
1.450000e-002 -1.015137e+000
1.451563e-002 -1.015137e+000
1.453125e-002 -1.015137e+000
1.454687e-002 -1.015137e+000
1.456250e-002 0.000000e+000
1.457813e-002 0.000000e+000
1.459375e-002 0.000000e+000
1.460938e-002 0.000000e+000
1.462500e-002 4.760742e-001
1.464062e-002 4.760742e-001
1.465625e-002 4.760742e-001
1.467188e-002 4.760742e-001
1.468750e-002 0.000000e+000
1.470312e-002 0.000000e+000
1.471875e-002 0.000000e+000
1.473438e-002 0.000000e+000
1.475000e-002 1.702637e+000
1.476562e-002 1.702637e+000
1.478125e-002 1.702637e+000
1.479688e-002 1.702637e+000
1.481250e-002 0.000000e+000
1.482813e-002 0.000000e+000
1.484375e-002 0.000000e+000
1.485937e-002 0.000000e+000
1.487500e-002 1.952637e+000
1.489063e-002 1.952637e+000
1.490625e-002 1.952637e+000
1.492187e-002 1.952637e+000
1.493750e-002 0.000000e+000
1.495313e-002 0.000000e+000
1.496875e-002 0.000000e+000
1.498437e-002 0.000000e+000
1.500000e-002 1.015137e+000
1.501563e-002 1.015137e+000
1.503125e-002 1.015137e+000
1.504687e-002 1.015137e+000
1.506250e-002 0.000000e+000
1.507812e-002 0.000000e+000
1.509375e-002 0.000000e+000
1.510938e-002 0.000000e+000
1.512500e-002 -4.995117e-001
1.514062e-002 -4.995117e-001
1.515625e-002 -4.995117e-001
1.517188e-002 -4.995117e-001
1.518750e-002 0.000000e+000
1.520312e-002 0.000000e+000
1.521875e-002 0.000000e+000
1.523438e-002 0.000000e+000
1.525000e-002 -1.702637e+000
1.526562e-002 -1.702637e+000
1.528125e-002 -1.702637e+000
1.529687e-002 -1.702637e+000
1.531250e-002 0.000000e+000
1.532813e-002 0.000000e+000
1.534375e-002 0.000000e+000
1.535937e-002 0.000000e+000
1.537500e-002 -1.952637e+000
1.539063e-002 -1.952637e+000
1.540625e-002 -1.952637e+000
1.542187e-002 -1.952637e+000
1.543750e-002 0.000000e+000
1.545313e-002 0.000000e+000
1.546875e-002 0.000000e+000
1.548437e-002 0.000000e+000
1.550000e-002 -1.015137e+000
1.551562e-002 -1.015137e+000
1.553125e-002 -1.015137e+000
1.554688e-002 -1.015137e+000
1.556250e-002 0.000000e+000
1.557812e-002 0.000000e+000
1.559375e-002 0.000000e+000
1.560938e-002 0.000000e+000
1.562500e-002 5.307617e-001
1.564063e-002 5.307617e-001
1.565625e-002 5.307617e-001
1.567188e-002 5.307617e-001
1.568750e-002 0.000000e+000
1.570312e-002 0.000000e+000
1.571875e-002 0.000000e+000
1.573437e-002 0.000000e+000
1.575000e-002 1.765137e+000
1.576562e-002 1.765137e+000
1.578125e-002 1.765137e+000
1.579688e-002 1.765137e+000
1.581250e-002 0.000000e+000
1.582813e-002 0.000000e+000
1.584375e-002 0.000000e+000
1.585937e-002 0.000000e+000
1.587500e-002 1.952637e+000
1.589062e-002 1.952637e+000
1.590625e-002 1.952637e+000
1.592188e-002 1.952637e+000
1.593750e-002 0.000000e+000
1.595313e-002 0.000000e+000
1.596875e-002 0.000000e+000
1.598438e-002 0.000000e+000
