0.000000e+000 8.930812e-001
1.562500e-005 9.281871e-001
3.125000e-005 9.590549e-001
4.687500e-005 9.829715e-001
6.250000e-005 9.913514e-001
7.812500e-005 9.941351e-001
9.375000e-005 9.833905e-001
1.093750e-004 9.627931e-001
1.250000e-004 9.350215e-001
1.406250e-004 8.990585e-001
1.562500e-004 8.561168e-001
1.718750e-004 8.057576e-001
1.875000e-004 7.469008e-001
2.031250e-004 6.815134e-001
2.187500e-004 6.093524e-001
2.343750e-004 5.322546e-001
2.500000e-004 4.451339e-001
2.656250e-004 3.564591e-001
2.812500e-004 2.597328e-001
2.968750e-004 1.575828e-001
3.125000e-004 5.785055e-002
3.281250e-004 -4.586590e-002
3.437500e-004 -1.450444e-001
3.593750e-004 -2.399815e-001
3.750000e-004 -3.397877e-001
3.906250e-004 -4.311141e-001
4.062500e-004 -5.240319e-001
4.218750e-004 -6.144662e-001
4.375000e-004 -6.906703e-001
4.531250e-004 -7.640973e-001
4.687500e-004 -8.232749e-001
4.843750e-004 -8.712340e-001
5.000000e-004 -9.166608e-001
5.156250e-004 -9.498181e-001
5.312500e-004 -9.791491e-001
5.468750e-004 -1.001908e+000
5.625000e-004 -1.009416e+000
5.781250e-004 -1.011472e+000
5.937500e-004 -9.999818e-001
6.093750e-004 -9.784606e-001
6.250000e-004 -9.493641e-001
6.406250e-004 -9.116626e-001
6.562500e-004 -8.664296e-001
6.718750e-004 -8.132645e-001
6.875000e-004 -7.512556e-001
7.031250e-004 -6.824194e-001
7.187500e-004 -6.067885e-001
7.343750e-004 -5.263883e-001
7.500000e-004 -4.363466e-001
7.656250e-004 -3.453358e-001
7.812500e-004 -2.470233e-001
7.968750e-004 -1.441400e-001
8.125000e-004 -4.455657e-002
8.281250e-004 5.817758e-002
8.437500e-004 1.556610e-001
8.593750e-004 2.483695e-001
8.750000e-004 3.456320e-001
8.906250e-004 4.343351e-001
9.062500e-004 5.247781e-001
9.218750e-004 6.130856e-001
9.375000e-004 6.876633e-001
9.531250e-004 7.600580e-001
9.687500e-004 8.188262e-001
9.843750e-004 8.669644e-001
1.000000e-003 9.130687e-001
1.015625e-003 9.472691e-001
1.031250e-003 9.778504e-001
1.046875e-003 1.001902e+000
1.062500e-003 1.010588e+000
1.078125e-003 1.013580e+000
1.093750e-003 1.002695e+000
1.109375e-003 9.814022e-001
1.125000e-003 9.521163e-001
1.140625e-003 9.138935e-001
1.156250e-003 8.678347e-001
1.171875e-003 8.136464e-001
1.187500e-003 7.505654e-001
1.203125e-003 6.806658e-001
1.218750e-003 6.041151e-001
1.234375e-003 5.229955e-001
1.250000e-003 4.324754e-001
1.265625e-003 3.412444e-001
1.281250e-003 2.429604e-001
1.296875e-003 1.403217e-001
1.312500e-003 4.114754e-002
1.328125e-003 -6.107465e-002
1.343750e-003 -1.580073e-001
1.359375e-003 -2.501844e-001
1.375000e-003 -3.467208e-001
1.390625e-003 -4.347766e-001
1.406250e-003 -5.243427e-001
1.421875e-003 -6.115571e-001
1.437500e-003 -6.850207e-001
1.453125e-003 -7.559373e-001
1.468750e-003 -8.130839e-001
1.484375e-003 -8.593634e-001
1.500000e-003 -9.030399e-001
1.515625e-003 -9.346521e-001
1.531250e-003 -9.621985e-001
1.546875e-003 -9.829573e-001
1.562500e-003 -9.885493e-001
1.578125e-003 -9.883966e-001
1.593750e-003 -9.747894e-001
1.609375e-003 -9.512156e-001
1.625000e-003 -9.198887e-001
1.640625e-003 -8.802727e-001
1.656250e-003 -8.332131e-001
1.671875e-003 -7.785142e-001
1.687500e-003 -7.156835e-001
1.703125e-003 -6.463959e-001
1.718750e-003 -5.710183e-001
1.734375e-003 -4.914176e-001
1.750000e-003 -4.022803e-001
1.765625e-003 -3.125305e-001
1.781250e-003 -2.153516e-001
1.796875e-003 -1.134389e-001
1.812500e-003 -1.488531e-002
1.828125e-003 8.723247e-002
1.843750e-003 1.842297e-001
1.859375e-003 2.767068e-001
1.875000e-003 3.739779e-001
1.890625e-003 4.628207e-001
1.906250e-003 5.533722e-001
1.921875e-003 6.415749e-001
1.937500e-003 7.156598e-001
1.953125e-003 7.870296e-001
1.968750e-003 8.441428e-001
1.984375e-003 8.899572e-001
2.000000e-003 9.327506e-001
2.015625e-003 9.630639e-001
2.031250e-003 9.889063e-001
2.046875e-003 1.007584e+000
2.062500e-003 1.010767e+000
2.078125e-003 1.007945e+000
2.093750e-003 9.914907e-001
2.109375e-003 9.649822e-001
2.125000e-003 9.307249e-001
2.140625e-003 8.882715e-001
2.156250e-003 8.385483e-001
2.171875e-003 7.814300e-001
2.187500e-003 7.164817e-001
2.203125e-003 6.454218e-001
2.218750e-003 5.686464e-001
2.234375e-003 4.880362e-001
2.250000e-003 3.982765e-001
2.265625e-003 3.082749e-001
2.281250e-003 2.111830e-001
2.296875e-003 1.096507e-001
2.312500e-003 1.171352e-002
2.328125e-003 -8.961919e-002
2.343750e-003 -1.857359e-001
2.359375e-003 -2.773121e-001
2.375000e-003 -3.737338e-001
2.390625e-003 -4.618431e-001
2.406250e-003 -5.518289e-001
2.421875e-003 -6.396689e-001
2.437500e-003 -7.136114e-001
2.453125e-003 -7.850557e-001
2.468750e-003 -8.424385e-001
2.484375e-003 -8.886791e-001
2.500000e-003 -9.320040e-001
2.515625e-003 -9.628961e-001
2.531250e-003 -9.893038e-001
2.546875e-003 -1.008478e+000
2.562500e-003 -1.012041e+000
2.578125e-003 -1.009452e+000
2.593750e-003 -9.930665e-001
2.609375e-003 -9.664641e-001
2.625000e-003 -9.317542e-001
2.640625e-003 -8.887233e-001
2.656250e-003 -8.380766e-001
2.671875e-003 -7.797517e-001
2.687500e-003 -7.135379e-001
2.703125e-003 -6.409366e-001
2.718750e-003 -5.625854e-001
2.734375e-003 -4.803327e-001
2.750000e-003 -3.888984e-001
2.765625e-003 -2.972644e-001
2.781250e-003 -1.986757e-001
2.796875e-003 -9.587979e-002
2.812500e-003 2.996236e-003
2.828125e-003 1.048645e-001
2.843750e-003 2.010538e-001
2.859375e-003 2.922036e-001
2.875000e-003 3.876912e-001
2.890625e-003 4.743796e-001
2.906250e-003 5.625106e-001
2.921875e-003 6.481456e-001
2.937500e-003 7.196445e-001
2.953125e-003 7.885404e-001
2.968750e-003 8.434172e-001
2.984375e-003 8.873437e-001
3.000000e-003 9.283442e-001
3.015625e-003 9.573423e-001
3.031250e-003 9.819500e-001
3.046875e-003 9.994870e-001
3.062500e-003 1.001858e+000
3.078125e-003 9.980552e-001
3.093750e-003 9.806756e-001
3.109375e-003 9.530869e-001
3.125000e-003 9.171541e-001
3.140625e-003 8.727666e-001
3.156250e-003 8.204874e-001
3.171875e-003 7.603377e-001
3.187500e-003 6.923285e-001
3.203125e-003 6.179230e-001
3.218750e-003 5.380367e-001
3.234375e-003 4.546243e-001
3.250000e-003 3.625464e-001
3.265625e-003 2.709257e-001
3.281250e-003 1.731184e-001
3.296875e-003 7.193027e-002
3.312500e-003 -2.452109e-002
3.328125e-003 -1.232310e-001
3.343750e-003 -2.156821e-001
3.359375e-003 -3.027270e-001
3.375000e-003 -3.939959e-001
3.390625e-003 -4.766226e-001
3.406250e-003 -5.611104e-001
3.421875e-003 -6.437487e-001
3.437500e-003 -7.130688e-001
3.453125e-003 -7.807037e-001
3.468750e-003 -8.352559e-001
3.484375e-003 -8.797312e-001
3.500000e-003 -9.220175e-001
3.515625e-003 -9.528429e-001
3.531250e-003 -9.795865e-001
3.546875e-003 -9.993209e-001
3.562500e-003 -1.003715e+000
3.578125e-003 -1.001558e+000
3.593750e-003 -9.853001e-001
3.609375e-003 -9.582237e-001
3.625000e-003 -9.221168e-001
3.640625e-003 -8.769832e-001
3.656250e-003 -8.234197e-001
3.671875e-003 -7.616075e-001
3.687500e-003 -6.917898e-001
3.703125e-003 -6.155335e-001
3.718750e-003 -5.339810e-001
3.734375e-003 -4.492010e-001
3.750000e-003 -3.558027e-001
3.765625e-003 -2.632846e-001
3.781250e-003 -1.645895e-001
3.796875e-003 -6.251267e-002
3.812500e-003 3.461854e-002
3.828125e-003 1.343145e-001
3.843750e-003 2.278372e-001
3.859375e-003 3.162354e-001
3.875000e-003 4.091926e-001
3.890625e-003 4.937869e-001
3.906250e-003 5.803863e-001
3.921875e-003 6.650919e-001
3.937500e-003 7.362183e-001
3.953125e-003 8.051770e-001
3.968750e-003 8.603680e-001
3.984375e-003 9.046357e-001
4.000000e-003 9.457667e-001
4.015625e-003 9.744629e-001
4.031250e-003 9.981607e-001
4.046875e-003 1.014074e+000
4.062500e-003 1.014089e+000
4.078125e-003 1.007272e+000
4.093750e-003 9.863858e-001
4.109375e-003 9.550347e-001
4.125000e-003 9.150855e-001
4.140625e-003 8.669963e-001
4.156250e-003 8.112637e-001
4.171875e-003 7.481623e-001
4.187500e-003 6.780917e-001
4.203125e-003 6.022280e-001
4.218750e-003 5.217161e-001
4.234375e-003 4.382937e-001
4.250000e-003 3.462851e-001
4.265625e-003 2.549542e-001
4.281250e-003 1.570681e-001
4.296875e-003 5.531638e-002
4.312500e-003 -4.200134e-002
4.328125e-003 -1.423440e-001
4.343750e-003 -2.368495e-001
4.359375e-003 -3.263849e-001
4.375000e-003 -4.204175e-001
4.390625e-003 -5.058019e-001
4.406250e-003 -5.927052e-001
4.421875e-003 -6.770773e-001
4.437500e-003 -7.471526e-001
4.453125e-003 -8.143473e-001
4.468750e-003 -8.671526e-001
4.484375e-003 -9.085836e-001
4.500000e-003 -9.466581e-001
4.515625e-003 -9.723448e-001
4.531250e-003 -9.933516e-001
4.546875e-003 -1.007138e+000
4.562500e-003 -1.005780e+000
4.578125e-003 -9.984591e-001
4.593750e-003 -9.779613e-001
4.609375e-003 -9.478234e-001
4.625000e-003 -9.096845e-001
4.640625e-003 -8.638535e-001
4.656250e-003 -8.104738e-001
4.671875e-003 -7.495511e-001
4.687500e-003 -6.812904e-001
4.703125e-003 -6.065661e-001
4.718750e-003 -5.264516e-001
4.734375e-003 -4.426030e-001
4.750000e-003 -3.493770e-001
4.765625e-003 -2.561683e-001
4.781250e-003 -1.559518e-001
4.796875e-003 -5.167465e-002
4.812500e-003 4.808693e-002
4.828125e-003 1.505267e-001
4.843750e-003 2.465573e-001
4.859375e-003 3.368838e-001
4.875000e-003 4.308904e-001
4.890625e-003 5.154352e-001
4.906250e-003 6.007725e-001
4.921875e-003 6.830123e-001
4.937500e-003 7.506034e-001
4.953125e-003 8.152065e-001
4.968750e-003 8.655614e-001
4.984375e-003 9.049090e-001
5.000000e-003 9.411047e-001
5.015625e-003 9.655572e-001
5.031250e-003 9.855964e-001
5.046875e-003 9.986759e-001
5.062500e-003 9.970551e-001
5.078125e-003 9.893454e-001
5.093750e-003 9.684744e-001
5.109375e-003 9.376894e-001
5.125000e-003 8.983201e-001
5.140625e-003 8.507887e-001
5.156250e-003 7.951048e-001
5.171875e-003 7.314272e-001
5.187500e-003 6.602940e-001
5.203125e-003 5.826305e-001
5.218750e-003 4.999212e-001
5.234375e-003 4.140278e-001
5.250000e-003 3.195309e-001
5.265625e-003 2.260217e-001
5.281250e-003 1.266069e-001
5.296875e-003 2.427619e-002
5.312500e-003 -7.245387e-002
5.328125e-003 -1.709375e-001
5.343750e-003 -2.623358e-001
5.359375e-003 -3.476671e-001
5.375000e-003 -4.366635e-001
5.390625e-003 -5.165312e-001
5.406250e-003 -5.978395e-001
5.421875e-003 -6.769499e-001
5.437500e-003 -7.424765e-001
5.453125e-003 -8.061447e-001
5.468750e-003 -8.566556e-001
5.484375e-003 -8.971153e-001
5.500000e-003 -9.351658e-001
5.515625e-003 -9.619469e-001
5.531250e-003 -9.844950e-001
5.546875e-003 -9.999753e-001
5.562500e-003 -1.000392e+000
5.578125e-003 -9.941614e-001
5.593750e-003 -9.740887e-001
5.609375e-003 -9.433829e-001
5.625000e-003 -9.032484e-001
5.640625e-003 -8.543813e-001
5.656250e-003 -7.967536e-001
5.671875e-003 -7.307390e-001
5.687500e-003 -6.572256e-001
5.703125e-003 -5.771297e-001
5.718750e-003 -4.922582e-001
5.734375e-003 -4.045374e-001
5.750000e-003 -3.082721e-001
5.765625e-003 -2.134221e-001
5.781250e-003 -1.126859e-001
5.796875e-003 -9.057480e-003
5.812500e-003 8.871341e-002
5.828125e-003 1.884657e-001
5.843750e-003 2.811047e-001
5.859375e-003 3.678083e-001
5.875000e-003 4.583282e-001
5.890625e-003 5.397897e-001
5.906250e-003 6.226151e-001
5.921875e-003 7.029827e-001
5.937500e-003 7.693155e-001
5.953125e-003 8.331634e-001
5.968750e-003 8.830888e-001
5.984375e-003 9.221135e-001
6.000000e-003 9.578615e-001
6.015625e-003 9.815285e-001
6.031250e-003 1.000280e+000
6.046875e-003 1.011475e+000
6.062500e-003 1.007365e+000
6.078125e-003 9.966425e-001
6.093750e-003 9.723997e-001
6.109375e-003 9.381117e-001
6.125000e-003 8.951252e-001
6.140625e-003 8.443699e-001
6.156250e-003 7.857965e-001
6.171875e-003 7.197731e-001
6.187500e-003 6.471552e-001
6.203125e-003 5.685849e-001
6.218750e-003 4.857103e-001
6.234375e-003 4.001639e-001
6.250000e-003 3.059777e-001
6.265625e-003 2.128770e-001
6.281250e-003 1.133813e-001
6.296875e-003 1.037490e-002
6.312500e-003 -8.742496e-002
6.328125e-003 -1.878116e-001
6.343750e-003 -2.815743e-001
6.359375e-003 -3.697194e-001
6.375000e-003 -4.617931e-001
6.390625e-003 -5.447049e-001
6.406250e-003 -6.286771e-001
6.421875e-003 -7.097271e-001
6.437500e-003 -7.761739e-001
6.453125e-003 -8.395317e-001
6.468750e-003 -8.883991e-001
6.484375e-003 -9.259003e-001
6.500000e-003 -9.594726e-001
6.515625e-003 -9.808245e-001
6.531250e-003 -9.969013e-001
6.546875e-003 -1.005279e+000
6.562500e-003 -9.986481e-001
6.578125e-003 -9.853945e-001
6.593750e-003 -9.589887e-001
6.609375e-003 -9.228023e-001
6.625000e-003 -8.779545e-001
6.640625e-003 -8.255563e-001
6.656250e-003 -7.653374e-001
6.671875e-003 -6.977050e-001
6.687500e-003 -6.237045e-001
6.703125e-003 -5.437822e-001
6.718750e-003 -4.598181e-001
6.734375e-003 -3.734457e-001
6.750000e-003 -2.787687e-001
6.765625e-003 -1.856198e-001
6.781250e-003 -8.663129e-002
6.796875e-003 1.522136e-002
6.812500e-003 1.111719e-001
6.828125e-003 2.090210e-001
6.843750e-003 2.996274e-001
6.859375e-003 3.841285e-001
6.875000e-003 4.722531e-001
6.890625e-003 5.511304e-001
6.906250e-003 6.312200e-001
6.921875e-003 7.087716e-001
6.937500e-003 7.723096e-001
6.953125e-003 8.335069e-001
6.968750e-003 8.810589e-001
6.984375e-003 9.181151e-001
7.000000e-003 9.520652e-001
7.015625e-003 9.745026e-001
7.031250e-003 9.922021e-001
7.046875e-003 1.002531e+000
7.062500e-003 9.979553e-001
7.078125e-003 9.866405e-001
7.093750e-003 9.618648e-001
7.109375e-003 9.268511e-001
7.125000e-003 8.825206e-001
7.140625e-003 8.300573e-001
7.156250e-003 7.690939e-001
7.171875e-003 7.001363e-001
7.187500e-003 6.244521e-001
7.203125e-003 5.425174e-001
7.218750e-003 4.564840e-001
7.234375e-003 3.681155e-001
7.250000e-003 2.713155e-001
7.265625e-003 1.763691e-001
7.281250e-003 7.558353e-002
7.296875e-003 -2.798587e-002
7.312500e-003 -1.252816e-001
7.328125e-003 -2.245545e-001
7.343750e-003 -3.164009e-001
7.359375e-003 -4.021387e-001
7.375000e-003 -4.915609e-001
7.390625e-003 -5.717777e-001
7.406250e-003 -6.531705e-001
7.421875e-003 -7.318723e-001
7.437500e-003 -7.962695e-001
7.453125e-003 -8.578925e-001
7.468750e-003 -9.053046e-001
7.484375e-003 -9.415505e-001
7.500000e-003 -9.739558e-001
7.515625e-003 -9.941036e-001
7.531250e-003 -1.008819e+000
7.546875e-003 -1.015584e+000
7.562500e-003 -1.007038e+000
7.578125e-003 -9.915672e-001
7.593750e-003 -9.627032e-001
7.609375e-003 -9.239300e-001
7.625000e-003 -8.762974e-001
7.640625e-003 -8.213068e-001
7.656250e-003 -7.585915e-001
7.671875e-003 -6.887349e-001
7.687500e-003 -6.130858e-001
7.703125e-003 -5.318768e-001
7.718750e-003 -4.471977e-001
7.734375e-003 -3.605480e-001
7.750000e-003 -2.655769e-001
7.765625e-003 -1.723357e-001
7.781250e-003 -7.293537e-002
7.796875e-003 2.971284e-002
7.812500e-003 1.266302e-001
7.828125e-003 2.260742e-001
7.843750e-003 3.185769e-001
7.859375e-003 4.053294e-001
7.875000e-003 4.959523e-001
7.890625e-003 5.773588e-001
7.906250e-003 6.597337e-001
7.921875e-003 7.390388e-001
7.937500e-003 8.035350e-001
7.953125e-003 8.646895e-001
7.968750e-003 9.110720e-001
7.984375e-003 9.458027e-001
8.000000e-003 9.763431e-001
8.015625e-003 9.944557e-001
8.031250e-003 1.007168e+000
8.046875e-003 1.012161e+000
8.062500e-003 1.002251e+000
8.078125e-003 9.859547e-001
8.093750e-003 9.568745e-001
8.109375e-003 9.184991e-001
8.125000e-003 8.716437e-001
8.140625e-003 8.178508e-001
8.156250e-003 7.563781e-001
8.171875e-003 6.876332e-001
8.187500e-003 6.129155e-001
8.203125e-003 5.320781e-001
8.218750e-003 4.472436e-001
8.234375e-003 3.597866e-001
8.250000e-003 2.633556e-001
8.265625e-003 1.681037e-001
8.281250e-003 6.632231e-002
8.296875e-003 -3.884420e-002
8.312500e-003 -1.381592e-001
8.328125e-003 -2.396254e-001
8.343750e-003 -3.335493e-001
8.359375e-003 -4.209497e-001
8.375000e-003 -5.113452e-001
8.390625e-003 -5.916289e-001
8.406250e-003 -6.720499e-001
8.421875e-003 -7.487136e-001
8.437500e-003 -8.100897e-001
8.453125e-003 -8.678992e-001
8.468750e-003 -9.109859e-001
8.484375e-003 -9.427376e-001
8.500000e-003 -9.705075e-001
8.515625e-003 -9.865587e-001
8.531250e-003 -9.976019e-001
8.546875e-003 -1.001369e+000
8.562500e-003 -9.908984e-001
8.578125e-003 -9.741612e-001
8.593750e-003 -9.449005e-001
8.609375e-003 -9.062920e-001
8.625000e-003 -8.588691e-001
8.640625e-003 -8.041568e-001
8.656250e-003 -7.412962e-001
8.671875e-003 -6.707667e-001
8.687500e-003 -5.940700e-001
8.703125e-003 -5.111398e-001
8.718750e-003 -4.243995e-001
8.734375e-003 -3.354300e-001
8.750000e-003 -2.381006e-001
8.765625e-003 -1.427625e-001
8.781250e-003 -4.184866e-002
8.796875e-003 6.143637e-002
8.812500e-003 1.578915e-001
8.828125e-003 2.556538e-001
8.843750e-003 3.452537e-001
8.859375e-003 4.280031e-001
8.875000e-003 5.137551e-001
8.890625e-003 5.897443e-001
8.906250e-003 6.665342e-001
8.921875e-003 7.404839e-001
8.937500e-003 8.002315e-001
8.953125e-003 8.575633e-001
8.968750e-003 9.012802e-001
8.984375e-003 9.346247e-001
9.000000e-003 9.647188e-001
9.015625e-003 9.835350e-001
9.031250e-003 9.974646e-001
9.046875e-003 1.003925e+000
9.062500e-003 9.956788e-001
9.078125e-003 9.804856e-001
9.093750e-003 9.519614e-001
9.109375e-003 9.132490e-001
9.125000e-003 8.647282e-001
9.140625e-003 8.082678e-001
9.156250e-003 7.429504e-001
9.171875e-003 6.695129e-001
9.187500e-003 5.898849e-001
9.203125e-003 5.039711e-001
9.218750e-003 4.145897e-001
9.234375e-003 3.233918e-001
9.250000e-003 2.239815e-001
9.265625e-003 1.270875e-001
9.281250e-003 2.473841e-002
9.296875e-003 -7.985950e-002
9.312500e-003 -1.772806e-001
9.328125e-003 -2.761599e-001
9.343750e-003 -3.667869e-001
9.359375e-003 -4.506491e-001
9.375000e-003 -5.376334e-001
9.390625e-003 -6.149052e-001
9.406250e-003 -6.928901e-001
9.421875e-003 -7.677712e-001
9.437500e-003 -8.280010e-001
9.453125e-003 -8.851951e-001
9.468750e-003 -9.280217e-001
9.484375e-003 -9.596451e-001
9.500000e-003 -9.871780e-001
9.515625e-003 -1.002657e+000
9.531250e-003 -1.012613e+000
9.546875e-003 -1.014666e+000
9.562500e-003 -1.001832e+000
9.578125e-003 -9.821498e-001
9.593750e-003 -9.495212e-001
9.609375e-003 -9.073491e-001
9.625000e-003 -8.561398e-001
9.640625e-003 -7.979857e-001
9.656250e-003 -7.319226e-001
9.671875e-003 -6.586636e-001
9.687500e-003 -5.800909e-001
9.703125e-003 -4.958124e-001
9.718750e-003 -4.084805e-001
9.734375e-003 -3.194445e-001
9.750000e-003 -2.220359e-001
9.765625e-003 -1.267566e-001
9.781250e-003 -2.547010e-002
9.796875e-003 7.870840e-002
9.812500e-003 1.763645e-001
9.828125e-003 2.760660e-001
9.843750e-003 3.679669e-001
9.859375e-003 4.533676e-001
9.875000e-003 5.416794e-001
9.890625e-003 6.200931e-001
9.906250e-003 6.985177e-001
9.921875e-003 7.730042e-001
9.937500e-003 8.321303e-001
9.953125e-003 8.871802e-001
9.968750e-003 9.271307e-001
9.984375e-003 9.552044e-001
1.000000e-002 9.783784e-001
1.001562e-002 9.893149e-001
1.003125e-002 9.944687e-001
1.004688e-002 9.918323e-001
1.006250e-002 9.750129e-001
1.007812e-002 9.518726e-001
1.009375e-002 9.167920e-001
1.010938e-002 8.731334e-001
1.012500e-002 8.212353e-001
1.014062e-002 7.633009e-001
1.015625e-002 6.981182e-001
1.017188e-002 6.263098e-001
1.018750e-002 5.497476e-001
1.020312e-002 4.677024e-001
1.021875e-002 3.828088e-001
1.023437e-002 2.962222e-001
1.025000e-002 2.011536e-001
1.026563e-002 1.080455e-001
1.028125e-002 8.749880e-003
1.029687e-002 -9.359422e-002
1.031250e-002 -1.895277e-001
1.032813e-002 -2.875656e-001
1.034375e-002 -3.778135e-001
1.035937e-002 -4.615372e-001
1.037500e-002 -5.481341e-001
1.039063e-002 -6.248060e-001
1.040625e-002 -7.014971e-001
1.042187e-002 -7.743132e-001
1.043750e-002 -8.319011e-001
1.045313e-002 -8.856183e-001
1.046875e-002 -9.245105e-001
1.048438e-002 -9.518542e-001
1.050000e-002 -9.746582e-001
1.051562e-002 -9.855893e-001
1.053125e-002 -9.910771e-001
1.054688e-002 -9.890602e-001
1.056250e-002 -9.730685e-001
1.057812e-002 -9.508709e-001
1.059375e-002 -9.167476e-001
1.060938e-002 -8.739633e-001
1.062500e-002 -8.226011e-001
1.064062e-002 -7.649621e-001
1.065625e-002 -6.995870e-001
1.067188e-002 -6.271048e-001
1.068750e-002 -5.495517e-001
1.070313e-002 -4.660396e-001
1.071875e-002 -3.794383e-001
1.073437e-002 -2.909401e-001
1.075000e-002 -1.938601e-001
1.076563e-002 -9.878070e-002
1.078125e-002 2.295710e-003
1.079687e-002 1.060895e-001
1.081250e-002 2.030251e-001
1.082813e-002 3.015350e-001
1.084375e-002 3.916820e-001
1.085937e-002 4.747308e-001
1.087500e-002 5.601183e-001
1.089063e-002 6.351219e-001
1.090625e-002 7.097920e-001
1.092188e-002 7.803633e-001
1.093750e-002 8.356239e-001
1.095312e-002 8.870757e-001
1.096875e-002 9.239009e-001
1.098438e-002 9.494948e-001
1.100000e-002 9.709589e-001
1.101562e-002 9.810191e-001
1.103125e-002 9.861273e-001
1.104688e-002 9.842064e-001
1.106250e-002 9.687344e-001
1.107812e-002 9.473972e-001
1.109375e-002 9.143695e-001
1.110938e-002 8.727970e-001
1.112500e-002 8.225559e-001
1.114062e-002 7.659153e-001
1.115625e-002 7.012163e-001
1.117187e-002 6.290257e-001
1.118750e-002 5.514134e-001
1.120313e-002 4.673834e-001
1.121875e-002 3.799168e-001
1.123437e-002 2.902401e-001
1.125000e-002 1.914128e-001
1.126563e-002 9.445991e-002
1.128125e-002 -8.902891e-003
1.129687e-002 -1.152373e-001
1.131250e-002 -2.145666e-001
1.132813e-002 -3.156466e-001
1.134375e-002 -4.081485e-001
1.135937e-002 -4.934010e-001
1.137500e-002 -5.808138e-001
1.139062e-002 -6.575871e-001
1.140625e-002 -7.336733e-001
1.142188e-002 -8.052090e-001
1.143750e-002 -8.608962e-001
1.145312e-002 -9.121714e-001
1.146875e-002 -9.481764e-001
1.148438e-002 -9.722968e-001
1.150000e-002 -9.913132e-001
1.151562e-002 -9.983315e-001
1.153125e-002 -9.994748e-001
1.154688e-002 -9.928187e-001
1.156250e-002 -9.722822e-001
1.157812e-002 -9.453163e-001
1.159375e-002 -9.066212e-001
1.160937e-002 -8.594487e-001
1.162500e-002 -8.037220e-001
1.164063e-002 -7.421431e-001
1.165625e-002 -6.731184e-001
1.167187e-002 -5.974698e-001
1.168750e-002 -5.175898e-001
1.170313e-002 -4.323751e-001
1.171875e-002 -3.449845e-001
1.173437e-002 -2.565224e-001
1.175000e-002 -1.599056e-001
1.176563e-002 -6.598640e-002
1.178125e-002 3.372240e-002
1.179687e-002 1.360080e-001
1.181250e-002 2.311289e-001
1.182813e-002 3.280706e-001
1.184375e-002 4.167118e-001
1.185938e-002 4.985529e-001
1.187500e-002 5.831286e-001
1.189062e-002 6.577113e-001
1.190625e-002 7.322714e-001
1.192188e-002 8.029128e-001
1.193750e-002 8.582621e-001
1.195312e-002 9.096488e-001
1.196875e-002 9.460890e-001
1.198438e-002 9.708360e-001
1.200000e-002 9.905464e-001
1.201562e-002 9.982194e-001
1.203125e-002 9.998962e-001
1.204688e-002 9.936005e-001
1.206250e-002 9.732299e-001
1.207813e-002 9.462422e-001
1.209375e-002 9.073673e-001
1.210937e-002 8.599035e-001
1.212500e-002 8.037427e-001
1.214063e-002 7.417234e-001
1.215625e-002 6.721954e-001
1.217187e-002 5.960246e-001
1.218750e-002 5.156965e-001
1.220313e-002 4.300100e-001
1.221875e-002 3.421974e-001
1.223437e-002 2.533198e-001
1.225000e-002 1.562739e-001
1.226563e-002 6.190950e-002
1.228125e-002 -3.824979e-002
1.229688e-002 -1.409695e-001
1.231250e-002 -2.364781e-001
1.232812e-002 -3.337247e-001
1.234375e-002 -4.225494e-001
1.235938e-002 -5.044154e-001
1.237500e-002 -5.888265e-001
1.239062e-002 -6.630356e-001
1.240625e-002 -7.370086e-001
1.242188e-002 -8.068634e-001
1.243750e-002 -8.612599e-001
1.245312e-002 -9.115787e-001
1.246875e-002 -9.469019e-001
1.248438e-002 -9.705581e-001
1.250000e-002 -9.892811e-001
1.251562e-002 -9.961415e-001
1.253125e-002 -9.972395e-001
1.254687e-002 -9.906378e-001
1.256250e-002 -9.702488e-001
1.257813e-002 -9.435192e-001
1.259375e-002 -9.051431e-001
1.260937e-002 -8.583600e-001
1.262500e-002 -8.028172e-001
1.264063e-002 -7.414314e-001
1.265625e-002 -6.722593e-001
1.267187e-002 -5.961056e-001
1.268750e-002 -5.155393e-001
1.270313e-002 -4.291154e-001
1.271875e-002 -3.402217e-001
1.273437e-002 -2.498904e-001
1.275000e-002 -1.510774e-001
1.276562e-002 -5.475301e-002
1.278125e-002 4.740210e-002
1.279688e-002 1.519808e-001
1.281250e-002 2.490428e-001
1.282812e-002 3.473884e-001
1.284375e-002 4.367429e-001
1.285938e-002 5.184983e-001
1.287500e-002 6.021385e-001
1.289062e-002 6.749486e-001
1.290625e-002 7.469788e-001
1.292188e-002 8.144756e-001
1.293750e-002 8.662621e-001
1.295312e-002 9.139032e-001
1.296875e-002 9.466699e-001
1.298437e-002 9.680690e-001
1.300000e-002 9.846425e-001
1.301563e-002 9.898942e-001
1.303125e-002 9.895625e-001
1.304687e-002 9.817411e-001
1.306250e-002 9.605768e-001
1.307813e-002 9.330035e-001
1.309375e-002 8.939126e-001
1.310937e-002 8.462989e-001
1.312500e-002 7.895147e-001
1.314063e-002 7.266088e-001
1.315625e-002 6.554716e-001
1.317187e-002 5.770237e-001
1.318750e-002 4.941239e-001
1.320313e-002 4.052972e-001
1.321875e-002 3.142881e-001
1.323438e-002 2.222694e-001
1.325000e-002 1.220313e-001
1.326562e-002 2.503797e-002
1.328125e-002 -7.732121e-002
1.329688e-002 -1.815494e-001
1.331250e-002 -2.774400e-001
1.332812e-002 -3.743110e-001
1.334375e-002 -4.617361e-001
1.335938e-002 -5.414377e-001
1.337500e-002 -6.231416e-001
1.339062e-002 -6.943036e-001
1.340625e-002 -7.650796e-001
1.342188e-002 -8.317581e-001
1.343750e-002 -8.831404e-001
1.345313e-002 -9.307073e-001
1.346875e-002 -9.635935e-001
1.348437e-002 -9.851297e-001
1.350000e-002 -1.001663e+000
1.351563e-002 -1.006511e+000
1.353125e-002 -1.005253e+000
1.354687e-002 -9.958836e-001
1.356250e-002 -9.725190e-001
1.357813e-002 -9.421458e-001
1.359375e-002 -8.997886e-001
1.360937e-002 -8.486451e-001
1.362500e-002 -7.882340e-001
1.364063e-002 -7.219593e-001
1.365625e-002 -6.478720e-001
1.367188e-002 -5.671257e-001
1.368750e-002 -4.828102e-001
1.370312e-002 -3.934215e-001
1.371875e-002 -3.027665e-001
1.373438e-002 -2.118805e-001
1.375000e-002 -1.133660e-001
1.376562e-002 -1.845862e-002
1.378125e-002 8.170210e-002
1.379688e-002 1.838657e-001
1.381250e-002 2.780422e-001
1.382812e-002 3.737137e-001
1.384375e-002 4.605472e-001
1.385938e-002 5.402801e-001
1.387500e-002 6.225745e-001
1.389062e-002 6.947557e-001
1.390625e-002 7.667993e-001
1.392187e-002 8.347888e-001
1.393750e-002 8.873211e-001
1.395313e-002 9.356997e-001
1.396875e-002 9.689294e-001
1.398437e-002 9.902744e-001
1.400000e-002 1.006086e+000
1.401563e-002 1.009750e+000
1.403125e-002 1.006977e+000
1.404687e-002 9.959282e-001
1.406250e-002 9.709089e-001
1.407813e-002 9.390888e-001
1.409375e-002 8.956503e-001
1.410937e-002 8.439036e-001
1.412500e-002 7.832525e-001
1.414062e-002 7.172557e-001
1.415625e-002 6.436863e-001
1.417188e-002 5.635932e-001
1.418750e-002 4.800545e-001
1.420312e-002 3.911879e-001
1.421875e-002 3.007997e-001
1.423438e-002 2.097382e-001
1.425000e-002 1.105217e-001
1.426562e-002 1.439413e-002
1.428125e-002 -8.741699e-002
1.429688e-002 -1.915093e-001
1.431250e-002 -2.876960e-001
1.432812e-002 -3.852389e-001
1.434375e-002 -4.735856e-001
1.435938e-002 -5.542781e-001
1.437500e-002 -6.368300e-001
1.439063e-002 -7.084815e-001
1.440625e-002 -7.791986e-001
1.442187e-002 -8.451335e-001
1.443750e-002 -8.950253e-001
1.445313e-002 -9.403809e-001
1.446875e-002 -9.704493e-001
1.448437e-002 -9.887552e-001
1.450000e-002 -1.001557e+000
1.451563e-002 -1.002779e+000
1.453125e-002 -9.978657e-001
1.454687e-002 -9.850869e-001
1.456250e-002 -9.590329e-001
1.457813e-002 -9.263803e-001
1.459375e-002 -8.824950e-001
1.460938e-002 -8.304001e-001
1.462500e-002 -7.692239e-001
1.464062e-002 -7.024960e-001
1.465625e-002 -6.278440e-001
1.467188e-002 -5.463474e-001
1.468750e-002 -4.612390e-001
1.470312e-002 -3.706675e-001
1.471875e-002 -2.786954e-001
1.473438e-002 -1.863422e-001
1.475000e-002 -8.632594e-002
1.476562e-002 9.918002e-003
1.478125e-002 1.110114e-001
1.479688e-002 2.134689e-001
1.481250e-002 3.071062e-001
1.482813e-002 4.012803e-001
1.484375e-002 4.856222e-001
1.485937e-002 5.619305e-001
1.487500e-002 6.400240e-001
1.489063e-002 7.074664e-001
1.490625e-002 7.745320e-001
1.492187e-002 8.376338e-001
1.493750e-002 8.856975e-001
1.495313e-002 9.303218e-001
1.496875e-002 9.607450e-001
1.498437e-002 9.803795e-001
1.500000e-002 9.952834e-001
1.501563e-002 9.991137e-001
1.503125e-002 9.970120e-001
1.504687e-002 9.869390e-001
1.506250e-002 9.632035e-001
1.507812e-002 9.322563e-001
1.509375e-002 8.893147e-001
1.510938e-002 8.373427e-001
1.512500e-002 7.753729e-001
1.514062e-002 7.071732e-001
1.515625e-002 6.303979e-001
1.517188e-002 5.463647e-001
1.518750e-002 4.586584e-001
1.520312e-002 3.655064e-001
1.521875e-002 2.712943e-001
1.523438e-002 1.771505e-001
1.525000e-002 7.588028e-002
1.526562e-002 -2.103589e-002
1.528125e-002 -1.222268e-001
1.529687e-002 -2.242644e-001
1.531250e-002 -3.170627e-001
1.532813e-002 -4.101031e-001
1.534375e-002 -4.931499e-001
1.535937e-002 -5.681275e-001
1.537500e-002 -6.449592e-001
1.539063e-002 -7.112833e-001
1.540625e-002 -7.774140e-001
1.542187e-002 -8.397718e-001
1.543750e-002 -8.872618e-001
1.545313e-002 -9.314440e-001
1.546875e-002 -9.615086e-001
1.548437e-002 -9.808218e-001
1.550000e-002 -9.954054e-001
1.551562e-002 -9.988956e-001
1.553125e-002 -9.964315e-001
1.554688e-002 -9.859893e-001
1.556250e-002 -9.619079e-001
1.557812e-002 -9.306751e-001
1.559375e-002 -8.875474e-001
1.560938e-002 -8.355210e-001
1.562500e-002 -7.734771e-001
1.564063e-002 -7.053480e-001
1.565625e-002 -6.285612e-001
1.567188e-002 -5.444137e-001
1.568750e-002 -4.565839e-001
1.570312e-002 -3.630351e-001
1.571875e-002 -2.682606e-001
1.573437e-002 -1.732927e-001
1.575000e-002 -7.057465e-002
1.576562e-002 2.805028e-002
1.578125e-002 1.315474e-001
1.579688e-002 2.363460e-001
1.581250e-002 3.319409e-001
1.582813e-002 4.280868e-001
1.584375e-002 5.140811e-001
1.585937e-002 5.918203e-001
1.587500e-002 6.711048e-001
1.589062e-002 7.394069e-001
1.590625e-002 8.068753e-001
1.592188e-002 8.697934e-001
1.593750e-002 9.169785e-001
1.595313e-002 9.599604e-001
1.596875e-002 9.879604e-001
1.598438e-002 1.004434e+000
