0.000000e+00	1.012133e+00
1.000000e+00	-1.056751e+00
2.000000e+00	-1.160177e+00
3.000000e+00	-9.401978e-01
4.000000e+00	1.283283e+00
5.000000e+00	-8.534501e-01
6.000000e+00	-1.035871e+00
7.000000e+00	-7.863250e-01
8.000000e+00	-6.670871e-01
9.000000e+00	1.231457e+00
1.000000e+01	1.335458e+00
1.100000e+01	-1.025631e+00
1.200000e+01	1.049428e+00
1.300000e+01	-9.751253e-01
1.400000e+01	-8.538699e-01
1.500000e+01	-9.037679e-01
1.600000e+01	-7.891981e-01
1.700000e+01	1.395308e+00
1.800000e+01	1.206843e+00
1.900000e+01	1.047348e+00
2.000000e+01	-9.760894e-01
2.100000e+01	1.102455e+00
2.200000e+01	-1.002799e+00
2.300000e+01	1.067229e+00
2.400000e+01	1.006298e+00
2.500000e+01	-1.059405e+00
2.600000e+01	1.000213e+00
2.700000e+01	-1.084289e+00
2.800000e+01	1.014461e+00
2.900000e+01	-1.040667e+00
3.000000e+01	1.013175e+00
3.100000e+01	9.713309e-01
3.200000e+01	9.207405e-01
3.300000e+01	8.534380e-01
3.400000e+01	7.681799e-01
3.500000e+01	8.538259e-01
3.600000e+01	-1.377900e+00
3.700000e+01	7.885168e-01
3.800000e+01	-1.257969e+00
3.900000e+01	8.087226e-01
4.000000e+01	7.040129e-01
4.100000e+01	8.710418e-01
4.200000e+01	-1.418744e+00
4.300000e+01	8.462588e-01
4.400000e+01	7.007535e-01
4.500000e+01	6.478321e-01
4.600000e+01	-1.472277e+00
4.700000e+01	-1.253914e+00
4.800000e+01	8.494529e-01
4.900000e+01	-1.186971e+00
5.000000e+01	-1.134937e+00
5.100000e+01	-9.655049e-01
5.200000e+01	1.112364e+00
5.300000e+01	1.107440e+00
5.400000e+01	-1.104784e+00
5.500000e+01	-9.296754e-01
5.600000e+01	1.232572e+00
5.700000e+01	-9.640915e-01
5.800000e+01	1.089138e+00
5.900000e+01	-9.804724e-01
6.000000e+01	-8.740261e-01
6.100000e+01	1.104265e+00
6.200000e+01	-8.921108e-01
6.300000e+01	-8.523303e-01
6.400000e+01	-6.967344e-01
6.500000e+01	-5.920634e-01
6.600000e+01	1.209267e+00
6.700000e+01	-7.354878e-01
6.800000e+01	1.516204e+00
6.900000e+01	-7.844825e-01
7.000000e+01	-6.363087e-01
7.100000e+01	9.304528e-01
7.200000e+01	6.828020e-01
7.300000e+01	5.326766e-01
7.400000e+01	1.456814e+00
7.500000e+01	-9.105962e-01
7.600000e+01	-7.261168e-01
7.700000e+01	1.464479e+00
7.800000e+01	-8.386545e-01
7.900000e+01	-6.841252e-01
8.000000e+01	1.465497e+00
8.100000e+01	-8.184823e-01
8.200000e+01	-9.132313e-01
8.300000e+01	-5.868955e-01
8.400000e+01	7.747858e-01
8.500000e+01	-5.581740e-01
8.600000e+01	6.022230e-01
8.700000e+01	4.633632e-01
8.800000e+01	3.620616e-01
8.900000e+01	1.562435e+00
9.000000e+01	-8.033808e-01
9.100000e+01	3.417589e-01
9.200000e+01	-6.267827e-01
9.300000e+01	-4.975792e-01
9.400000e+01	1.515570e+00
9.500000e+01	1.189435e+00
9.600000e+01	3.556560e-01
9.700000e+01	-1.114545e+00
9.800000e+01	3.224847e-01
9.900000e+01	2.400884e-01
1.000000e+02	1.789095e-01
1.010000e+02	1.333070e-01
1.020000e+02	1.141593e+00
1.030000e+02	-1.086867e+00
1.040000e+02	-8.234627e-01
1.050000e+02	2.408915e-01
1.060000e+02	1.228916e+00
1.070000e+02	-8.698732e-01
1.080000e+02	1.068021e+00
1.090000e+02	7.902663e-01
1.100000e+02	3.028219e-01
1.110000e+02	-1.130063e+00
1.120000e+02	2.881592e-01
1.130000e+02	8.205521e-01
1.140000e+02	-9.844149e-01
1.150000e+02	7.830133e-01
1.160000e+02	5.641714e-01
1.170000e+02	4.087983e-01
1.180000e+02	2.964390e-01
1.190000e+02	2.149580e-01
1.200000e+02	1.558490e-01
1.210000e+02	3.693087e-01
1.220000e+02	-1.284832e+00
1.230000e+02	3.388120e-01
1.240000e+02	3.935041e-01
1.250000e+02	-8.480554e-01
1.260000e+02	-6.126420e-01
1.270000e+02	4.169368e-01
1.280000e+02	5.047804e-01
1.290000e+02	-5.709612e-01
1.300000e+02	-4.138243e-01
1.310000e+02	4.220987e-01
1.320000e+02	2.973677e-01
1.330000e+02	5.087385e-01
1.340000e+02	-9.939679e-01
1.350000e+02	2.898069e-01
1.360000e+02	-2.125040e-01
1.370000e+02	-3.401482e-01
1.380000e+02	-2.359148e-01
1.390000e+02	3.005192e-01
1.400000e+02	2.127991e-01
1.410000e+02	7.483625e-01
1.420000e+02	-1.962545e-01
1.430000e+02	5.057871e-01
1.440000e+02	1.931109e-01
1.450000e+02	-1.981442e-01
1.460000e+02	-3.940957e-01
1.470000e+02	-2.785669e-02
1.480000e+02	-1.299615e-02
1.490000e+02	2.119390e-01
1.500000e+02	-3.056665e-02
1.510000e+02	-2.768838e-01
1.520000e+02	3.422554e-02
1.530000e+02	-1.969739e-01
1.540000e+02	5.080570e-02
1.550000e+02	2.416878e-02
1.560000e+02	5.200264e-01
1.570000e+02	3.628219e-01
1.580000e+02	2.574345e-01
1.590000e+02	1.836620e-01
1.600000e+02	2.283857e-01
1.610000e+02	-2.015604e-01
1.620000e+02	-3.459671e-01
1.630000e+02	-9.837346e-03
1.640000e+02	-3.164696e-03
1.650000e+02	2.189403e-01
1.660000e+02	2.327202e-01
1.670000e+02	-5.903221e-02
1.680000e+02	-1.679231e-02
1.690000e+02	1.713456e-01
1.700000e+02	1.743995e-01
1.710000e+02	-3.294220e-01
1.720000e+02	1.751134e-01
1.730000e+02	-2.522638e-01
1.740000e+02	-1.757301e-01
1.750000e+02	2.214998e-01
1.760000e+02	1.919699e-01
1.770000e+02	-1.975519e-04
1.780000e+02	1.590790e-01
1.790000e+02	-2.002517e-01
1.800000e+02	1.686290e-01
1.810000e+02	-1.653599e-01
1.820000e+02	1.917273e-02
1.830000e+02	-1.200746e-01
1.840000e+02	-8.510293e-02
1.850000e+02	1.702613e-01
1.860000e+02	-8.478314e-02
1.870000e+02	-6.018178e-02
1.880000e+02	2.089918e-01
1.890000e+02	1.470529e-01
1.900000e+02	1.488032e-01
1.910000e+02	-1.103173e-01
1.920000e+02	-6.008733e-03
1.930000e+02	-7.734348e-02
1.940000e+02	-5.502512e-02
1.950000e+02	1.412041e-01
1.960000e+02	1.044808e-03
1.970000e+02	1.003269e-01
1.980000e+02	7.150317e-02
1.990000e+02	1.450264e-01
2.000000e+02	-1.027339e-01
2.010000e+02	6.839188e-02
2.020000e+02	-8.271281e-02
2.030000e+02	-5.884734e-02
2.040000e+02	6.880292e-02
2.050000e+02	-5.162751e-02
2.060000e+02	-3.677193e-02
2.070000e+02	1.483511e-01
2.080000e+02	6.436493e-02
2.090000e+02	-5.475028e-02
2.100000e+02	-2.442797e-02
2.110000e+02	-4.206360e-04
2.120000e+02	5.744578e-02
2.130000e+02	4.096789e-02
2.140000e+02	1.178685e-01
2.150000e+02	-2.896079e-02
2.160000e+02	-5.912277e-02
2.170000e+02	-4.207229e-02
2.180000e+02	5.014552e-02
2.190000e+02	9.380761e-03
2.200000e+02	3.433089e-02
2.210000e+02	1.004123e-01
2.220000e+02	-1.697914e-02
2.230000e+02	-1.503468e-04
2.240000e+02	2.895837e-02
2.250000e+02	2.064775e-02
2.260000e+02	1.472558e-02
2.270000e+02	7.415832e-02
2.280000e+02	-7.261731e-02
2.290000e+02	2.211778e-02
2.300000e+02	-9.387950e-03
2.310000e+02	6.351391e-02
2.320000e+02	-7.555629e-03
2.330000e+02	-3.243140e-05
2.340000e+02	1.950981e-02
2.350000e+02	4.618381e-02
2.360000e+02	-8.448205e-03
2.370000e+02	-3.787522e-05
2.380000e+02	3.369125e-02
2.390000e+02	-4.013603e-03
2.400000e+02	-3.055223e-05
2.410000e+02	1.725562e-02
2.420000e+02	1.229538e-02
2.430000e+02	8.762226e-03
2.440000e+02	6.244958e-03
2.450000e+02	4.451174e-03
2.460000e+02	2.522156e-02
2.470000e+02	-1.039404e-02
2.480000e+02	-1.376159e-05
2.490000e+02	1.909301e-02
2.500000e+02	-8.234806e-02
2.510000e+02	1.716588e-02
2.520000e+02	9.377000e-03
2.530000e+02	2.360933e-02
2.540000e+02	-6.572632e-02
2.550000e+02	2.050202e-02
2.560000e+02	5.459457e-03
2.570000e+02	1.377972e-02
2.580000e+02	2.539267e-02
2.590000e+02	-5.175548e-03
2.600000e+02	-5.502117e-02
2.610000e+02	-3.918150e-02
2.620000e+02	3.108641e-02
2.630000e+02	2.487155e-02
2.640000e+02	8.960458e-03
2.650000e+02	1.635302e-02
2.660000e+02	2.170723e-02
2.670000e+02	-5.277785e-03
2.680000e+02	1.506010e-04
2.690000e+02	1.599658e-02
2.700000e+02	-4.350021e-02
2.710000e+02	1.711314e-02
2.720000e+02	1.213830e-02
2.730000e+02	1.973543e-02
2.740000e+02	-3.765449e-02
2.750000e+02	-2.684241e-02
2.760000e+02	1.751785e-02
2.770000e+02	1.242999e-02
2.780000e+02	8.821300e-03
2.790000e+02	6.261013e-03
2.800000e+02	2.390605e-02
2.810000e+02	1.407947e-03
2.820000e+02	1.681379e-02
2.830000e+02	1.198071e-02
2.840000e+02	8.538032e-03
2.850000e+02	5.345523e-03
2.860000e+02	-3.467113e-02
2.870000e+02	8.397051e-03
2.880000e+02	5.958469e-03
2.890000e+02	1.129492e-02
2.900000e+02	-3.845912e-03
2.910000e+02	4.879842e-03
2.920000e+02	-2.819170e-02
2.930000e+02	1.268423e-02
2.940000e+02	2.566840e-03
2.950000e+02	7.124344e-03
2.960000e+02	-9.747026e-04
2.970000e+02	-2.310863e-02
2.980000e+02	-1.648336e-02
2.990000e+02	1.447122e-02
3.000000e+02	4.713770e-03
3.010000e+02	1.012462e-02
3.020000e+02	-1.466610e-03
3.030000e+02	-1.570094e-02
3.040000e+02	2.824695e-03
3.050000e+02	-1.169586e-02
3.060000e+02	-8.346923e-03
3.070000e+02	1.177522e-02
3.080000e+02	8.359534e-03
3.090000e+02	1.490700e-02
3.100000e+02	-1.072255e-02
3.110000e+02	-7.652907e-03
3.120000e+02	1.319919e-02
3.130000e+02	-2.135702e-04
3.140000e+02	9.440833e-03
3.150000e+02	9.048848e-03
3.160000e+02	-9.800578e-03
3.170000e+02	7.726074e-03
3.180000e+02	5.485046e-03
3.190000e+02	8.485568e-03
3.200000e+02	-9.940196e-03
3.210000e+02	-1.959591e-03
3.220000e+02	1.427732e-04
3.230000e+02	7.724037e-03
3.240000e+02	5.708552e-03
3.250000e+02	-1.885786e-03
3.260000e+02	-8.290358e-03
3.270000e+02	-5.917049e-03
3.280000e+02	7.887754e-03
3.290000e+02	-5.328593e-03
3.300000e+02	-3.803428e-03
3.310000e+02	6.901672e-03
3.320000e+02	1.907395e-03
3.330000e+02	7.406822e-03
3.340000e+02	-4.999221e-03
3.350000e+02	5.923021e-03
3.360000e+02	5.551858e-03
3.370000e+02	-1.711939e-03
3.380000e+02	4.224231e-03
3.390000e+02	4.574889e-03
3.400000e+02	-6.035395e-03
3.410000e+02	4.050465e-03
3.420000e+02	4.004498e-03
3.430000e+02	-5.407595e-03
3.440000e+02	-1.705624e-04
3.450000e+02	1.351248e-05
3.460000e+02	3.682007e-03
3.470000e+02	-4.322268e-03
3.480000e+02	4.304959e-03
3.490000e+02	-3.526268e-04
3.500000e+02	3.123652e-03
3.510000e+02	2.226709e-03
3.520000e+02	3.395917e-03
3.530000e+02	-1.206190e-03
3.540000e+02	-4.617594e-03
3.550000e+02	9.024753e-04
3.560000e+02	-3.453470e-03
3.570000e+02	-2.465241e-03
3.580000e+02	3.168687e-03
3.590000e+02	4.660765e-04
3.600000e+02	3.847245e-03
3.610000e+02	-2.796581e-03
3.620000e+02	2.643691e-03
3.630000e+02	-2.366657e-03
3.640000e+02	-1.689505e-03
3.650000e+02	2.452672e-03
3.660000e+02	-9.179565e-05
3.670000e+02	1.762758e-03
3.680000e+02	1.256649e-03
3.690000e+02	8.958615e-04
3.700000e+02	6.386635e-04
3.710000e+02	3.818721e-03
3.720000e+02	-2.679247e-03
3.730000e+02	8.958291e-04
3.740000e+02	-2.038100e-03
3.750000e+02	-4.703430e-04
3.760000e+02	-1.372952e-03
3.770000e+02	2.792102e-04
3.780000e+02	-1.028826e-03
3.790000e+02	1.558330e-04
3.800000e+02	-7.616552e-04
3.810000e+02	1.196208e-04
3.820000e+02	-1.015248e-05
3.830000e+02	3.765902e-03
3.840000e+02	-1.063705e-03
3.850000e+02	2.815371e-03
3.860000e+02	1.616902e-03
3.870000e+02	-8.430081e-04
3.880000e+02	2.126213e-03
3.890000e+02	-1.793555e-04
3.900000e+02	1.516251e-05
3.910000e+02	1.529112e-03
3.920000e+02	-1.670823e-03
3.930000e+02	1.606135e-03
3.940000e+02	-1.417714e-03
3.950000e+02	1.064065e-04
3.960000e+02	-9.036614e-06
3.970000e+02	1.328308e-03
3.980000e+02	1.535183e-03
3.990000e+02	-1.419305e-03
4.000000e+02	1.171871e-03
4.010000e+02	-3.228678e-04
4.020000e+02	8.857455e-04
4.030000e+02	6.314262e-04
4.040000e+02	4.501313e-04
4.050000e+02	1.370581e-03
4.060000e+02	-4.410438e-04
4.070000e+02	3.772830e-05
4.080000e+02	4.071769e-04
4.090000e+02	2.902667e-04
4.100000e+02	1.032728e-03
4.110000e+02	-2.339433e-04
4.120000e+02	1.997229e-05
4.130000e+02	2.579134e-04
4.140000e+02	7.629692e-04
4.150000e+02	-1.320404e-04
4.160000e+02	-1.820793e-03
4.170000e+02	3.288276e-04
4.180000e+02	-1.357186e-03
4.190000e+02	2.086557e-04
4.200000e+02	-1.005285e-03
4.210000e+02	-7.176794e-04
4.220000e+02	1.145790e-03
4.230000e+02	8.395311e-04
4.240000e+02	-7.823344e-04
4.250000e+02	1.528563e-04
4.260000e+02	-5.851815e-04
4.270000e+02	-4.177724e-04
4.280000e+02	1.047357e-03
4.290000e+02	7.437145e-04
4.300000e+02	5.281067e-04
4.310000e+02	8.641878e-04
4.320000e+02	-2.469142e-04
4.330000e+02	6.545680e-04
4.340000e+02	4.300719e-04
4.350000e+02	-8.335747e-04
4.360000e+02	5.906807e-04
4.370000e+02	-6.778119e-04
4.380000e+02	3.994934e-05
4.390000e+02	-3.457828e-06
4.400000e+02	5.122112e-04
4.410000e+02	-6.019622e-05
4.420000e+02	5.210936e-06
4.430000e+02	5.276116e-04
4.440000e+02	3.792092e-04
4.450000e+02	-6.731393e-04
4.460000e+02	3.588208e-04
4.470000e+02	4.829626e-04
4.480000e+02	-1.278291e-04
4.490000e+02	2.781306e-04
4.500000e+02	-6.106292e-04
4.510000e+02	2.787311e-04
4.520000e+02	4.592293e-04
4.530000e+02	-5.373224e-04
4.540000e+02	-3.836054e-04
4.550000e+02	4.563231e-04
4.560000e+02	-3.377604e-04
4.570000e+02	1.285808e-04
4.580000e+02	-2.635645e-04
4.590000e+02	3.479471e-05
4.600000e+02	-3.029040e-06
4.610000e+02	3.971075e-04
4.620000e+02	-4.663640e-05
4.630000e+02	4.060397e-06
4.640000e+02	2.870138e-04
4.650000e+02	-3.425104e-05
4.660000e+02	2.980888e-06
4.670000e+02	2.075017e-04
4.680000e+02	-2.994399e-04
4.690000e+02	1.871828e-04
4.700000e+02	4.563291e-04
4.710000e+02	-3.025755e-04
4.720000e+02	-1.304580e-05
4.730000e+02	-2.137415e-04
4.740000e+02	3.842139e-05
4.750000e+02	-3.347948e-06
4.760000e+02	3.941636e-04
4.770000e+02	2.135051e-04
4.780000e+02	-2.423086e-04
4.790000e+02	1.838454e-04
4.800000e+02	1.305492e-04
4.810000e+02	9.270362e-05
4.820000e+02	3.254978e-04
4.830000e+02	-2.727252e-04
4.840000e+02	-9.543444e-05
4.850000e+02	-1.780593e-04
4.860000e+02	3.939226e-05
4.870000e+02	-1.339935e-04
4.880000e+02	-9.566218e-05
4.890000e+02	3.360576e-04
4.900000e+02	-1.153508e-04
4.910000e+02	4.317626e-06
4.920000e+02	-3.772253e-07
4.930000e+02	2.551040e-04
4.940000e+02	1.818579e-04
4.950000e+02	1.296427e-04
4.960000e+02	1.987873e-04
4.970000e+02	-1.118400e-04
4.980000e+02	-1.693121e-04
4.990000e+02	-1.208768e-04
5.000000e+02	1.929728e-04
5.010000e+02	1.370301e-04
5.020000e+02	9.730530e-05
5.030000e+02	6.909674e-05
5.040000e+02	4.906581e-05
5.050000e+02	3.484180e-05
5.060000e+02	2.474130e-05
5.070000e+02	1.642034e-04
5.080000e+02	-1.897819e-04
5.090000e+02	-3.573209e-06
5.100000e+02	3.124348e-07
