0.000000e+00 9.619485e-01
1.000000e+00 -1.072750e+00
2.000000e+00 -1.122120e+00
3.000000e+00 -1.016657e+00
4.000000e+00 1.101848e+00
5.000000e+00 -9.626224e-01
6.000000e+00 -1.045621e+00
7.000000e+00 -9.302774e-01
8.000000e+00 -8.721380e-01
9.000000e+00 1.070369e+00
1.000000e+01 1.145449e+00
1.100000e+01 -1.053097e+00
1.200000e+01 1.010821e+00
1.300000e+01 -1.020600e+00
1.400000e+01 -9.415063e-01
1.500000e+01 -9.995281e-01
1.600000e+01 -9.509619e-01
1.700000e+01 1.151077e+00
1.800000e+01 1.072773e+00
1.900000e+01 1.019590e+00
2.000000e+01 -9.951586e-01
2.100000e+01 1.038172e+00
2.200000e+01 -1.005625e+00
2.300000e+01 1.015679e+00
2.400000e+01 1.009628e+00
2.500000e+01 -1.033664e+00
2.600000e+01 9.908200e-01
2.700000e+01 -1.043345e+00
2.800000e+01 1.008511e+00
2.900000e+01 -1.027332e+00
3.000000e+01 1.005867e+00
3.100000e+01 9.932671e-01
3.200000e+01 9.762657e-01
3.300000e+01 9.485651e-01
3.400000e+01 9.037867e-01
3.500000e+01 9.385871e-01
3.600000e+01 -1.179243e+00
3.700000e+01 8.976544e-01
3.800000e+01 -1.131604e+00
3.900000e+01 8.786589e-01
4.000000e+01 7.976962e-01
4.100000e+01 9.480456e-01
4.200000e+01 -1.270451e+00
4.300000e+01 8.944458e-01
4.400000e+01 7.942128e-01
4.500000e+01 7.788263e-01
4.600000e+01 -1.321644e+00
4.700000e+01 -1.164446e+00
4.800000e+01 8.663807e-01
4.900000e+01 -1.103144e+00
5.000000e+01 -1.187403e+00
5.100000e+01 -1.071070e+00
5.200000e+01 1.000585e+00
5.300000e+01 1.048495e+00
5.400000e+01 -1.124338e+00
5.500000e+01 -9.812975e-01
5.600000e+01 1.168368e+00
5.700000e+01 -9.919559e-01
5.800000e+01 1.010412e+00
5.900000e+01 -9.923056e-01
6.000000e+01 -9.166023e-01
6.100000e+01 9.864041e-01
6.200000e+01 -8.715442e-01
6.300000e+01 -1.084443e+00
6.400000e+01 -7.608983e-01
6.500000e+01 -6.340671e-01
6.600000e+01 1.054527e+00
6.700000e+01 -1.025395e+00
6.800000e+01 1.374797e+00
6.900000e+01 -9.990939e-01
7.000000e+01 -7.950918e-01
7.100000e+01 1.111834e+00
7.200000e+01 8.735791e-01
7.300000e+01 7.014369e-01
7.400000e+01 1.255317e+00
7.500000e+01 -1.130251e+00
7.600000e+01 -8.726692e-01
7.700000e+01 1.373969e+00
7.800000e+01 -9.568019e-01
7.900000e+01 -7.369690e-01
8.000000e+01 1.449224e+00
8.100000e+01 -8.778157e-01
8.200000e+01 -1.002016e+00
8.300000e+01 -7.322166e-01
8.400000e+01 9.126640e-01
8.500000e+01 -7.739815e-01
8.600000e+01 7.664874e-01
8.700000e+01 5.877582e-01
8.800000e+01 4.636358e-01
8.900000e+01 1.366796e+00
9.000000e+01 -7.552376e-01
9.100000e+01 3.524339e-01
9.200000e+01 -3.908482e-01
9.300000e+01 -2.631326e-01
9.400000e+01 1.127625e+00
9.500000e+01 8.388872e-01
9.600000e+01 2.047841e-01
9.700000e+01 -1.495164e+00
9.800000e+01 2.847199e-01
9.900000e+01 2.172820e-01
1.000000e+02 1.688814e-01
1.010000e+02 1.324217e-01
1.020000e+02 8.993217e-01
1.030000e+02 -1.389024e+00
1.040000e+02 -1.061468e+00
1.050000e+02 2.473051e-01
1.060000e+02 1.226020e+00
1.070000e+02 -4.188743e-01
1.080000e+02 9.581724e-01
1.090000e+02 7.195561e-01
1.100000e+02 3.621548e-02
1.110000e+02 -1.497737e+00
1.120000e+02 1.365907e-01
1.130000e+02 8.860453e-01
1.140000e+02 -3.583885e-01
1.150000e+02 6.955402e-01
1.160000e+02 5.190344e-01
1.170000e+02 3.860697e-01
1.180000e+02 2.863982e-01
1.190000e+02 2.120242e-01
1.200000e+02 1.567265e-01
1.210000e+02 -5.665895e-02
1.220000e+02 -1.886706e+00
1.230000e+02 9.144047e-02
1.240000e+02 5.770441e-01
1.250000e+02 -1.577744e+00
1.260000e+02 -1.207549e+00
1.270000e+02 2.027323e-01
1.280000e+02 1.091786e+00
1.290000e+02 -1.204525e+00
1.300000e+02 -9.220651e-01
1.310000e+02 2.144331e-01
1.320000e+02 1.517566e-01
1.330000e+02 1.310355e+00
1.340000e+02 -2.517311e-01
1.350000e+02 5.120944e-02
1.360000e+02 -1.343652e-01
1.370000e+02 -1.025432e+00
1.380000e+02 -7.794814e-01
1.390000e+02 1.515745e-01
1.400000e+02 1.048599e-01
1.410000e+02 1.435359e+00
1.420000e+02 -9.126770e-02
1.430000e+02 1.070386e+00
1.440000e+02 -4.956008e-02
1.450000e+02 -1.475965e-01
1.460000e+02 -1.211328e+00
1.470000e+02 -9.253164e-03
1.480000e+02 -5.964462e-03
1.490000e+02 3.237145e-02
1.500000e+02 -4.048165e-03
1.510000e+02 -9.169055e-01
1.520000e+02 5.971523e-02
1.530000e+02 -6.955725e-01
1.540000e+02 8.144814e-02
1.550000e+02 4.474848e-02
1.560000e+02 1.500739e+00
1.570000e+02 1.108911e+00
1.580000e+02 8.190256e-01
1.590000e+02 6.038921e-01
1.600000e+02 -8.888852e-02
1.610000e+02 -2.980141e-01
1.620000e+02 -1.531104e+00
1.630000e+02 -7.931829e-02
1.640000e+02 -5.323968e-02
1.650000e+02 8.753095e-01
1.660000e+02 -3.051176e-03
1.670000e+02 -1.063107e-01
1.680000e+02 -7.351728e-02
1.690000e+02 6.594650e-01
1.700000e+02 -2.459733e-02
1.710000e+02 -1.517407e+00
1.720000e+02 8.743890e-01
1.730000e+02 -1.361371e+00
1.740000e+02 -1.022412e+00
1.750000e+02 1.317306e-01
1.760000e+02 1.247452e+00
1.770000e+02 -9.884086e-03
1.780000e+02 3.077274e-02
1.790000e+02 -1.094005e+00
1.800000e+02 1.197848e+00
1.810000e+02 -1.128159e+00
1.820000e+02 4.885130e-02
1.830000e+02 -8.481880e-01
1.840000e+02 -6.339960e-01
1.850000e+02 1.549886e+00
1.860000e+02 -8.743058e-01
1.870000e+02 -6.515604e-01
1.880000e+02 1.509318e-01
1.890000e+02 8.942160e-02
1.900000e+02 1.524374e+00
1.910000e+02 -8.932939e-01
1.920000e+02 4.413519e-02
1.930000e+02 -6.673103e-01
1.940000e+02 -4.954665e-01
1.950000e+02 1.652102e+00
1.960000e+02 -2.088120e-02
1.970000e+02 1.213071e+00
1.980000e+02 8.897426e-01
1.990000e+02 -6.065813e-02
2.000000e+02 -1.346969e+00
2.010000e+02 1.007810e+00
2.020000e+02 -1.263135e+00
2.030000e+02 -9.372151e-01
2.040000e+02 1.315408e+00
2.050000e+02 -1.040930e+00
2.060000e+02 -7.721677e-01
2.070000e+02 9.860256e-02
2.080000e+02 1.435879e+00
2.090000e+02 -9.543324e-01
2.100000e+02 -3.218589e-02
2.110000e+02 -1.539831e-02
2.120000e+02 1.305323e+00
2.130000e+02 9.551203e-01
2.140000e+02 -3.030531e-02
2.150000e+02 -1.632170e-01
2.160000e+02 -1.288757e+00
2.170000e+02 -9.539410e-01
2.180000e+02 1.302301e+00
2.190000e+02 -4.512933e-02
2.200000e+02 9.555154e-01
2.210000e+02 8.640915e-04
2.220000e+02 -9.514330e-02
2.230000e+02 -5.994295e-02
2.240000e+02 7.093902e-01
2.250000e+02 5.182595e-01
2.260000e+02 3.783494e-01
2.270000e+02 -3.887896e-02
2.280000e+02 -1.713477e+00
2.290000e+02 7.308304e-01
2.300000e+02 -9.938490e-02
2.310000e+02 3.137323e-02
2.320000e+02 -6.541014e-02
2.330000e+02 -4.314921e-02
2.340000e+02 5.480415e-01
2.350000e+02 5.495416e-03
2.360000e+02 -6.838515e-02
2.370000e+02 -4.464685e-02
2.380000e+02 6.327891e-03
2.390000e+02 -2.969090e-02
2.400000e+02 -1.970827e-02
2.410000e+02 4.113028e-01
2.420000e+02 3.001430e-01
2.430000e+02 2.189182e-01
2.440000e+02 1.596152e-01
2.450000e+02 1.163447e-01
2.460000e+02 -1.550029e-02
2.470000e+02 -9.705891e-02
2.480000e+02 -5.764909e-02
2.490000e+02 7.685940e-03
2.500000e+02 -1.893459e+00
2.510000e+02 5.978117e-01
2.520000e+02 2.587692e-02
2.530000e+02 4.333912e-02
2.540000e+02 -1.555506e+00
2.550000e+02 8.437227e-01
2.560000e+02 4.834131e-02
2.570000e+02 6.128785e-01
2.580000e+02 3.296062e-02
2.590000e+02 -1.036978e-02
2.600000e+02 -1.537379e+00
2.610000e+02 -1.141001e+00
2.620000e+02 7.246000e-02
2.630000e+02 1.146823e+00
2.640000e+02 7.270883e-02
2.650000e+02 8.324259e-01
2.660000e+02 1.287379e-02
2.670000e+02 -1.094896e-02
2.680000e+02 -7.222523e-03
2.690000e+02 6.247847e-03
2.700000e+02 -1.371823e+00
2.710000e+02 3.273822e-02
2.720000e+02 1.744227e-02
2.730000e+02 9.649016e-01
2.740000e+02 -1.272917e+00
2.750000e+02 -9.527376e-01
2.760000e+02 4.495852e-02
2.770000e+02 2.482170e-02
2.780000e+02 1.420159e-02
2.790000e+02 8.270317e-03
2.800000e+02 1.275070e+00
2.810000e+02 4.693957e-02
2.820000e+02 9.275643e-01
2.830000e+02 6.768794e-01
2.840000e+02 4.935842e-01
2.850000e+02 -1.369994e-02
2.860000e+02 -1.583142e+00
2.870000e+02 3.265919e-02
2.880000e+02 1.756352e-02
2.890000e+02 7.647558e-01
2.900000e+02 -1.062937e-01
2.910000e+02 1.190106e-02
2.920000e+02 -1.350883e+00
2.930000e+02 8.992450e-01
2.940000e+02 -7.179771e-02
2.950000e+02 4.889077e-02
2.960000e+02 -4.462222e-02
2.970000e+02 -1.196629e+00
2.980000e+02 -8.472835e-01
2.990000e+02 1.116160e+00
3.000000e+02 -7.052942e-02
3.010000e+02 1.364293e-01
3.020000e+02 -4.021309e-02
3.030000e+02 -8.130865e-01
3.040000e+02 -2.937538e-02
3.050000e+02 -5.504081e-01
3.060000e+02 -3.905127e-01
3.070000e+02 2.171523e-01
3.080000e+02 1.183625e-01
3.090000e+02 1.146952e+00
3.100000e+02 -4.966273e-01
3.110000e+02 -3.496630e-01
3.120000e+02 9.692420e-01
3.130000e+02 -2.514510e-01
3.140000e+02 7.256787e-01
3.150000e+02 2.249004e-01
3.160000e+02 -5.451398e-01
3.170000e+02 1.910110e-01
3.180000e+02 1.233108e-01
3.190000e+02 6.296791e-01
3.200000e+02 -5.071626e-01
3.210000e+02 -2.741360e-01
3.220000e+02 -1.661067e-01
3.230000e+02 5.783526e-01
3.240000e+02 1.351423e-01
3.250000e+02 -1.566138e-01
3.260000e+02 -4.764512e-01
3.270000e+02 -3.377258e-01
3.280000e+02 5.617257e-01
3.290000e+02 -3.253807e-01
3.300000e+02 -2.323303e-01
3.310000e+02 4.871395e-01
3.320000e+02 -2.589227e-01
3.330000e+02 2.216258e-01
3.340000e+02 -2.694365e-01
3.350000e+02 1.678158e-01
3.360000e+02 4.320505e-01
3.370000e+02 -1.894385e-01
3.380000e+02 3.311423e-01
3.390000e+02 1.170721e-01
3.400000e+02 -3.403651e-01
3.410000e+02 1.122813e-01
3.420000e+02 2.976548e-01
3.430000e+02 -2.976985e-01
3.440000e+02 -1.908599e-01
3.450000e+02 -1.328668e-01
3.460000e+02 7.699922e-02
3.470000e+02 -2.306874e-01
3.480000e+02 3.294774e-01
3.490000e+02 -1.272928e-01
3.500000e+02 2.507211e-01
3.510000e+02 1.806041e-01
3.520000e+02 8.814017e-02
3.530000e+02 -1.262534e-01
3.540000e+02 -2.931377e-01
3.550000e+02 -9.969568e-02
3.560000e+02 -2.124500e-01
3.570000e+02 -1.522411e-01
3.580000e+02 2.535975e-01
3.590000e+02 -1.109771e-01
3.600000e+02 9.271277e-02
3.610000e+02 -1.591080e-01
3.620000e+02 2.210667e-01
3.630000e+02 -1.460550e-01
3.640000e+02 -1.047765e-01
3.650000e+02 1.951476e-01
3.660000e+02 -1.264354e-01
3.670000e+02 1.541011e-01
3.680000e+02 1.109254e-01
3.690000e+02 7.988913e-02
3.700000e+02 5.755637e-02
3.710000e+02 1.189451e-01
3.720000e+02 -1.776237e-01
3.730000e+02 7.176017e-02
3.740000e+02 -1.374766e-01
3.750000e+02 -1.375235e-01
3.760000e+02 -1.028903e-01
3.770000e+02 -1.031360e-01
3.780000e+02 -7.709215e-02
3.790000e+02 -7.773203e-02
3.800000e+02 -5.781067e-02
3.810000e+02 -5.873886e-02
3.820000e+02 -4.310567e-02
3.830000e+02 8.137100e-02
3.840000e+02 -5.329026e-02
3.850000e+02 5.760060e-02
3.860000e+02 1.646717e-01
3.870000e+02 -3.244796e-02
3.880000e+02 3.931505e-02
3.890000e+02 -1.837091e-02
3.900000e+02 -1.347615e-02
3.910000e+02 2.097272e-02
3.920000e+02 -7.629817e-02
3.930000e+02 1.388275e-01
3.940000e+02 -7.468294e-02
3.950000e+02 -2.693794e-02
3.960000e+02 -1.975841e-02
3.970000e+02 1.156476e-01
3.980000e+02 3.340068e-02
3.990000e+02 -7.513983e-02
4.000000e+02 9.528741e-02
4.010000e+02 -3.542415e-02
4.020000e+02 7.244153e-02
4.030000e+02 5.212475e-02
4.040000e+02 3.751551e-02
4.050000e+02 3.510264e-02
4.060000e+02 -3.898130e-02
4.070000e+02 -2.863069e-02
4.080000e+02 3.590114e-02
4.090000e+02 2.584479e-02
4.100000e+02 1.573886e-02
4.110000e+02 -2.566442e-02
4.120000e+02 -1.888240e-02
4.130000e+02 2.417039e-02
4.140000e+02 4.888135e-03
4.150000e+02 -1.588611e-02
4.160000e+02 -1.139225e-01
4.170000e+02 -1.520312e-02
4.180000e+02 -8.215370e-02
4.190000e+02 -1.372812e-02
4.200000e+02 -5.938185e-02
4.210000e+02 -4.264086e-02
4.220000e+02 2.840664e-02
4.230000e+02 6.628042e-02
4.240000e+02 -4.308514e-02
4.250000e+02 -1.792319e-02
4.260000e+02 -3.149943e-02
4.270000e+02 -2.263023e-02
4.280000e+02 2.874483e-02
4.290000e+02 1.847222e-02
4.300000e+02 1.188069e-02
4.310000e+02 6.595505e-02
4.320000e+02 -1.382775e-02
4.330000e+02 4.894679e-02
4.340000e+02 1.047306e-02
4.350000e+02 -4.042428e-02
4.360000e+02 4.139933e-02
4.370000e+02 -3.492899e-02
4.380000e+02 -2.100283e-02
4.390000e+02 -1.543783e-02
4.400000e+02 1.128048e-02
4.410000e+02 -9.758267e-03
4.420000e+02 -7.177800e-03
4.430000e+02 4.112013e-02
4.440000e+02 6.565827e-03
4.450000e+02 -3.448307e-02
4.460000e+02 7.867019e-03
4.470000e+02 3.508666e-02
4.480000e+02 -1.273186e-02
4.490000e+02 4.713626e-03
4.500000e+02 -3.148626e-02
4.510000e+02 6.359207e-03
4.520000e+02 3.158822e-02
4.530000e+02 -2.778359e-02
4.540000e+02 -1.995219e-02
4.550000e+02 2.951579e-02
4.560000e+02 -1.853450e-02
4.570000e+02 -1.758175e-02
4.580000e+02 -1.385703e-02
4.590000e+02 -1.335906e-02
4.600000e+02 -9.828306e-03
4.610000e+02 9.330974e-03
4.620000e+02 -5.909458e-03
4.630000e+02 -4.349248e-03
4.640000e+02 4.528536e-03
4.650000e+02 -2.558540e-03
4.660000e+02 -1.883328e-03
4.670000e+02 2.272877e-03
4.680000e+02 -1.283188e-02
4.690000e+02 2.814428e-03
4.700000e+02 3.459305e-02
4.710000e+02 -1.444187e-02
4.720000e+02 -5.336657e-03
4.730000e+02 -1.053861e-02
4.740000e+02 -4.253680e-03
4.750000e+02 -3.131136e-03
4.760000e+02 2.983771e-02
4.770000e+02 5.335223e-03
4.780000e+02 -1.261102e-02
4.790000e+02 4.754215e-03
4.800000e+02 3.047129e-03
4.810000e+02 1.953032e-03
4.820000e+02 2.388057e-02
4.830000e+02 -1.349033e-02
4.840000e+02 -6.915757e-03
4.850000e+02 -9.903195e-03
4.860000e+02 -5.396051e-03
4.870000e+02 -7.280364e-03
4.880000e+02 -5.229962e-03
4.890000e+02 2.364517e-02
4.900000e+02 -7.122420e-03
4.910000e+02 -7.197609e-03
4.920000e+02 -5.298623e-03
4.930000e+02 1.939927e-02
4.940000e+02 1.394954e-02
4.950000e+02 1.003152e-02
4.960000e+02 6.082870e-03
4.970000e+02 -7.842358e-03
4.980000e+02 -1.256078e-02
4.990000e+02 -9.021536e-03
5.000000e+02 5.065884e-03
5.010000e+02 3.244065e-03
5.020000e+02 2.077437e-03
5.030000e+02 1.330351e-03
5.040000e+02 8.519286e-04
5.050000e+02 5.455556e-04
5.060000e+02 3.493605e-04
5.070000e+02 1.197222e-02
5.080000e+02 -9.609010e-03
5.090000e+02 -6.147186e-03
5.100000e+02 -4.525702e-03
