0.000000e+000 -1.523857e+000
1.000000e+000 -2.949814e+000
2.000000e+000 -4.020783e+000
3.000000e+000 -5.252006e+000
4.000000e+000 -5.713754e+000
5.000000e+000 -2.903918e+000
6.000000e+000 -2.687625e+000
7.000000e+000 -1.046181e+000
8.000000e+000 1.977418e+000
9.000000e+000 1.540792e+000
1.000000e+001 -4.095911e-001
1.100000e+001 -1.223855e+000
1.200000e+001 -1.842315e+000
1.300000e+001 -3.122494e+000
1.400000e+001 -9.274291e-001
1.500000e+001 -1.734389e+000
1.600000e+001 2.820360e+000
1.700000e+001 5.412159e+000
1.800000e+001 8.090298e+000
1.900000e+001 9.730515e+000
2.000000e+001 7.317705e+000
2.100000e+001 6.755982e+000
2.200000e+001 1.477235e+001
2.300000e+001 1.025742e+001
2.400000e+001 1.201996e+001
2.500000e+001 9.199029e+000
2.600000e+001 3.136302e+000
2.700000e+001 1.159706e+000
2.800000e+001 -1.971299e+000
2.900000e+001 -9.095659e+000
3.000000e+001 4.723706e-001
3.100000e+001 -7.927415e+000
3.200000e+001 -3.277140e+000
3.300000e+001 -6.464577e-002
3.400000e+001 -3.647832e+000
3.500000e+001 3.981964e+000
3.600000e+001 3.854304e+000
3.700000e+001 -1.101103e+000
3.800000e+001 3.042028e+000
3.900000e+001 -8.637810e-001
4.000000e+001 -6.117140e+000
4.100000e+001 -3.208072e+000
4.200000e+001 -8.445825e+000
4.300000e+001 -1.316046e+000
4.400000e+001 3.771702e+000
4.500000e+001 1.373136e+000
4.600000e+001 5.850840e+000
4.700000e+001 1.281390e+001
4.800000e+001 5.985006e+000
4.900000e+001 8.914163e+000
5.000000e+001 3.924863e+000
5.100000e+001 2.002348e+000
5.200000e+001 1.095929e+000
5.300000e+001 4.263725e-001
5.400000e+001 -1.175941e+000
5.500000e+001 9.797301e+000
5.600000e+001 -3.838017e+000
5.700000e+001 2.231638e+000
5.800000e+001 -2.609386e-001
5.900000e+001 2.125237e+000
6.000000e+001 -1.648140e-001
6.100000e+001 6.054868e+000
6.200000e+001 -3.663394e+000
6.300000e+001 -3.968666e+000
6.400000e+001 -5.655132e+000
6.500000e+001 -3.786616e-001
6.600000e+001 3.763385e+000
6.700000e+001 -2.044466e+000
6.800000e+001 -2.246026e+000
6.900000e+001 8.043785e-001
7.000000e+001 1.124758e+000
7.100000e+001 2.500164e+000
7.200000e+001 1.715436e+000
7.300000e+001 2.198263e+000
7.400000e+001 1.352259e+000
7.500000e+001 -1.232956e+000
7.600000e+001 1.052444e+000
7.700000e+001 -1.182096e+000
7.800000e+001 -2.401781e-001
7.900000e+001 1.688773e+000
8.000000e+001 -1.246763e+000
8.100000e+001 2.291382e+000
8.200000e+001 2.417555e-001
8.300000e+001 -1.110830e+000
8.400000e+001 -1.102099e+000
8.500000e+001 -8.154612e-001
8.600000e+001 4.865737e-001
8.700000e+001 1.528941e+000
8.800000e+001 3.792610e-001
8.900000e+001 -1.211468e+000
9.000000e+001 -6.190581e-001
9.100000e+001 7.428205e-001
9.200000e+001 -2.942302e-001
9.300000e+001 -1.155237e+000
9.400000e+001 3.263264e-001
9.500000e+001 1.418554e+000
9.600000e+001 7.461329e-001
9.700000e+001 -6.784289e-001
9.800000e+001 -8.482623e-001
9.900000e+001 -2.001789e-001
1.000000e+002 3.347102e-001
1.010000e+002 7.387853e-002
1.020000e+002 2.117031e-001
1.030000e+002 -8.664370e-002
1.040000e+002 -4.159570e-002
1.050000e+002 -1.822758e-001
1.060000e+002 -1.392255e-001
1.070000e+002 4.081826e-001
1.080000e+002 1.377978e-001
1.090000e+002 -2.426066e-001
1.100000e+002 3.974438e-002
1.110000e+002 2.567654e-001
1.120000e+002 7.559299e-003
1.130000e+002 -1.140943e-001
1.140000e+002 -3.127413e-001
1.150000e+002 6.858039e-002
1.160000e+002 2.963217e-001
1.170000e+002 -5.766848e-002
1.180000e+002 -7.880974e-002
1.190000e+002 4.286289e-003
1.200000e+002 6.147051e-002
1.210000e+002 -6.598043e-002
1.220000e+002 4.769075e-002
1.230000e+002 -1.688719e-002
1.240000e+002 1.091099e-002
1.250000e+002 4.786491e-003
1.260000e+002 -2.085590e-002
1.270000e+002 -7.370949e-003
1.280000e+002 -1.486111e-002
1.290000e+002 -1.331758e-002
1.300000e+002 -6.241053e-003
1.310000e+002 -8.653164e-003
1.320000e+002 1.180649e-002
1.330000e+002 -1.965809e-002
1.340000e+002 -1.170540e-002
1.350000e+002 6.663322e-003
1.360000e+002 -3.147125e-004
1.370000e+002 8.678436e-003
1.380000e+002 -3.858566e-003
1.390000e+002 -1.735497e-002
1.400000e+002 -1.472855e-002
1.410000e+002 -1.355171e-003
1.420000e+002 -8.440018e-003
1.430000e+002 -8.129120e-003
1.440000e+002 6.210446e-003
1.450000e+002 7.600784e-003
1.460000e+002 7.834435e-004
1.470000e+002 -5.224228e-003
1.480000e+002 1.955032e-004
1.490000e+002 1.107788e-002
1.500000e+002 -5.487442e-003
1.510000e+002 -1.437187e-003
1.520000e+002 -7.338524e-003
1.530000e+002 -1.530647e-003
1.540000e+002 -3.627300e-003
1.550000e+002 8.450747e-004
1.560000e+002 3.947496e-003
1.570000e+002 7.023335e-003
1.580000e+002 -2.197266e-003
1.590000e+002 5.836487e-004
1.600000e+002 4.734516e-003
1.610000e+002 -2.283096e-003
1.620000e+002 -7.467270e-003
1.630000e+002 -1.507759e-003
1.640000e+002 2.288699e-003
1.650000e+002 2.043724e-003
1.660000e+002 5.576372e-003
1.670000e+002 1.215935e-003
1.680000e+002 1.962662e-003
1.690000e+002 -2.208710e-003
1.700000e+002 -4.297256e-003
1.710000e+002 -1.260757e-003
1.720000e+002 3.221512e-003
1.730000e+002 4.245758e-003
1.740000e+002 -1.354218e-004
1.750000e+002 -8.926392e-004
1.760000e+002 -1.292229e-003
1.770000e+002 -1.451969e-003
1.780000e+002 5.125999e-004
1.790000e+002 1.872540e-003
1.800000e+002 8.015633e-004
1.810000e+002 -2.494812e-003
1.820000e+002 -1.045227e-003
1.830000e+002 2.670288e-005
1.840000e+002 -1.726151e-003
1.850000e+002 2.564192e-004
1.860000e+002 3.862381e-004
1.870000e+002 -1.015663e-003
1.880000e+002 6.866455e-004
1.890000e+002 5.855560e-004
1.900000e+002 -1.334906e-003
1.910000e+002 -1.535416e-004
1.920000e+002 7.348061e-004
1.930000e+002 6.062984e-004
1.940000e+002 2.554059e-004
1.950000e+002 -6.461143e-004
1.960000e+002 6.008148e-004
1.970000e+002 -7.228851e-004
1.980000e+002 -1.592636e-004
1.990000e+002 6.871223e-004
2.000000e+002 -1.778603e-004
2.010000e+002 -1.964569e-004
2.020000e+002 2.560616e-004
2.030000e+002 -6.238818e-004
2.040000e+002 7.739067e-004
2.050000e+002 -1.487732e-004
2.060000e+002 -5.607605e-004
2.070000e+002 4.024506e-004
2.080000e+002 6.980896e-004
2.090000e+002 -5.016327e-004
2.100000e+002 -1.211166e-004
2.110000e+002 4.825592e-004
2.120000e+002 4.396439e-004
2.130000e+002 -3.626347e-004
2.140000e+002 -1.087189e-004
2.150000e+002 6.222725e-005
2.160000e+002 -1.173019e-004
2.170000e+002 -1.404285e-004
2.180000e+002 1.139641e-004
2.190000e+002 8.583069e-006
2.200000e+002 1.407862e-004
2.210000e+002 2.078712e-005
2.220000e+002 -6.663799e-005
2.230000e+002 1.162291e-004
2.240000e+002 -6.783009e-005
2.250000e+002 1.167059e-004
2.260000e+002 7.152557e-007
2.270000e+002 -1.320839e-004
2.280000e+002 -1.525879e-004
2.290000e+002 -5.674362e-005
2.300000e+002 -9.775162e-005
2.310000e+002 0.000000e+000
2.320000e+002 -7.390976e-005
2.330000e+002 -7.963181e-005
2.340000e+002 -2.765656e-005
2.350000e+002 -7.343292e-005
2.360000e+002 9.536743e-005
2.370000e+002 -1.907349e-005
2.380000e+002 -6.294250e-005
2.390000e+002 -1.115799e-004
2.400000e+002 6.675720e-006
2.410000e+002 1.749992e-004
2.420000e+002 -6.246567e-005
2.430000e+002 -3.862381e-005
2.440000e+002 2.980232e-005
2.450000e+002 1.055002e-005
2.460000e+002 8.344650e-007
2.470000e+002 -7.748604e-006
2.480000e+002 1.502037e-005
2.490000e+002 1.287460e-005
2.500000e+002 1.907349e-005
2.510000e+002 -6.675720e-006
2.520000e+002 -2.288818e-005
2.530000e+002 5.722046e-006
2.540000e+002 -1.907349e-005
2.550000e+002 7.629395e-006
2.560000e+002 -2.241135e-005
2.570000e+002 -1.192093e-005
2.580000e+002 -6.318092e-006
2.590000e+002 3.814697e-006
2.600000e+002 3.433228e-005
2.610000e+002 1.096725e-005
2.620000e+002 5.483627e-006
2.630000e+002 -4.768372e-007
2.640000e+002 1.907349e-006
2.650000e+002 -7.152557e-007
2.660000e+002 -4.768372e-006
2.670000e+002 7.629395e-006
2.680000e+002 1.430511e-005
2.690000e+002 -5.722046e-006
2.700000e+002 -9.059906e-006
2.710000e+002 2.264977e-006
2.720000e+002 -2.384186e-006
2.730000e+002 -2.861023e-006
2.740000e+002 -2.861023e-006
2.750000e+002 6.675720e-006
2.760000e+002 -4.768372e-007
2.770000e+002 1.287460e-005
2.780000e+002 1.430511e-006
2.790000e+002 -1.430511e-006
2.800000e+002 5.245209e-006
2.810000e+002 1.907349e-006
2.820000e+002 -2.861023e-006
2.830000e+002 6.675720e-006
2.840000e+002 -7.629395e-006
2.850000e+002 2.145767e-006
2.860000e+002 2.861023e-006
2.870000e+002 -7.152557e-007
2.880000e+002 -4.291534e-006
2.890000e+002 3.874302e-006
2.900000e+002 -1.430511e-006
2.910000e+002 2.145767e-006
2.920000e+002 -1.132488e-006
2.930000e+002 -1.668930e-006
2.940000e+002 9.536743e-007
2.950000e+002 -4.768372e-007
2.960000e+002 2.831221e-007
2.970000e+002 4.768372e-007
2.980000e+002 9.536743e-007
2.990000e+002 1.430511e-006
3.000000e+002 1.907349e-006
3.010000e+002 0.000000e+000
3.020000e+002 1.907349e-006
3.030000e+002 0.000000e+000
3.040000e+002 9.536743e-007
3.050000e+002 2.384186e-006
3.060000e+002 -4.768372e-007
3.070000e+002 8.344650e-007
3.080000e+002 -1.430511e-006
3.090000e+002 0.000000e+000
3.100000e+002 -9.536743e-007
3.110000e+002 -1.907349e-006
3.120000e+002 9.536743e-007
3.130000e+002 0.000000e+000
3.140000e+002 0.000000e+000
3.150000e+002 9.536743e-007
3.160000e+002 0.000000e+000
3.170000e+002 4.768372e-007
3.180000e+002 -8.344650e-007
3.190000e+002 -1.192093e-007
3.200000e+002 4.768372e-007
3.210000e+002 0.000000e+000
3.220000e+002 9.536743e-007
3.230000e+002 0.000000e+000
3.240000e+002 0.000000e+000
3.250000e+002 0.000000e+000
3.260000e+002 4.768372e-007
3.270000e+002 0.000000e+000
3.280000e+002 1.192093e-007
3.290000e+002 -3.576279e-007
3.300000e+002 -4.768372e-007
3.310000e+002 -2.384186e-007
3.320000e+002 9.536743e-007
3.330000e+002 -4.768372e-007
3.340000e+002 -2.384186e-007
3.350000e+002 9.536743e-007
3.360000e+002 -4.768372e-007
3.370000e+002 -5.513430e-007
3.380000e+002 1.192093e-007
3.390000e+002 4.172325e-007
3.400000e+002 -2.384186e-007
3.410000e+002 1.192093e-007
3.420000e+002 -2.384186e-007
3.430000e+002 1.430511e-006
3.440000e+002 9.536743e-007
3.450000e+002 -9.536743e-007
3.460000e+002 0.000000e+000
3.470000e+002 0.000000e+000
3.480000e+002 -1.907349e-006
3.490000e+002 1.907349e-006
3.500000e+002 1.430511e-006
3.510000e+002 -4.768372e-007
3.520000e+002 -9.536743e-007
3.530000e+002 4.768372e-007
3.540000e+002 -9.536743e-007
3.550000e+002 -1.311302e-006
3.560000e+002 7.152557e-007
3.570000e+002 0.000000e+000
3.580000e+002 0.000000e+000
3.590000e+002 1.907349e-006
3.600000e+002 0.000000e+000
3.610000e+002 9.536743e-007
3.620000e+002 0.000000e+000
3.630000e+002 -4.768372e-007
3.640000e+002 4.768372e-007
3.650000e+002 0.000000e+000
3.660000e+002 0.000000e+000
3.670000e+002 -9.536743e-007
3.680000e+002 2.384186e-007
3.690000e+002 5.960464e-007
3.700000e+002 1.192093e-007
3.710000e+002 -1.192093e-007
3.720000e+002 -4.768372e-007
3.730000e+002 1.907349e-006
3.740000e+002 9.536743e-007
3.750000e+002 -4.768372e-007
3.760000e+002 9.536743e-007
3.770000e+002 -8.344650e-007
3.780000e+002 0.000000e+000
3.790000e+002 0.000000e+000
3.800000e+002 2.384186e-007
3.810000e+002 -4.172325e-007
3.820000e+002 0.000000e+000
3.830000e+002 -4.768372e-007
3.840000e+002 -4.768372e-007
3.850000e+002 4.768372e-007
3.860000e+002 0.000000e+000
3.870000e+002 0.000000e+000
3.880000e+002 9.536743e-007
3.890000e+002 0.000000e+000
3.900000e+002 9.536743e-007
3.910000e+002 0.000000e+000
3.920000e+002 -9.536743e-007
3.930000e+002 4.768372e-007
3.940000e+002 5.662441e-007
3.950000e+002 0.000000e+000
3.960000e+002 -1.907349e-006
3.970000e+002 0.000000e+000
3.980000e+002 0.000000e+000
3.990000e+002 1.907349e-006
4.000000e+002 0.000000e+000
4.010000e+002 4.768372e-007
4.020000e+002 -4.768372e-007
4.030000e+002 9.536743e-007
4.040000e+002 9.536743e-007
4.050000e+002 -9.536743e-007
4.060000e+002 0.000000e+000
4.070000e+002 -9.536743e-007
4.080000e+002 0.000000e+000
4.090000e+002 -9.536743e-007
4.100000e+002 -9.536743e-007
4.110000e+002 4.768372e-007
4.120000e+002 9.536743e-007
4.130000e+002 0.000000e+000
4.140000e+002 0.000000e+000
4.150000e+002 -9.536743e-007
4.160000e+002 1.907349e-006
4.170000e+002 0.000000e+000
4.180000e+002 0.000000e+000
4.190000e+002 0.000000e+000
4.200000e+002 9.536743e-007
4.210000e+002 0.000000e+000
4.220000e+002 -9.536743e-007
4.230000e+002 -4.768372e-007
4.240000e+002 4.768372e-007
4.250000e+002 -2.384186e-007
4.260000e+002 -9.536743e-007
4.270000e+002 -8.642673e-007
4.280000e+002 1.907349e-006
4.290000e+002 -1.907349e-006
4.300000e+002 1.907349e-006
4.310000e+002 -1.907349e-006
4.320000e+002 3.814697e-006
4.330000e+002 0.000000e+000
4.340000e+002 9.536743e-007
4.350000e+002 -2.384186e-007
4.360000e+002 2.622604e-006
4.370000e+002 -2.086163e-006
4.380000e+002 2.741814e-006
4.390000e+002 -2.264977e-006
4.400000e+002 1.072884e-006
4.410000e+002 -6.556511e-007
4.420000e+002 -2.384186e-007
4.430000e+002 -4.917383e-007
4.440000e+002 4.768372e-007
4.450000e+002 2.384186e-007
4.460000e+002 -5.960464e-007
4.470000e+002 -2.384186e-006
4.480000e+002 2.384186e-006
4.490000e+002 -1.907349e-006
4.500000e+002 0.000000e+000
4.510000e+002 2.861023e-006
4.520000e+002 5.185604e-006
4.530000e+002 1.907349e-006
4.540000e+002 -1.907349e-006
4.550000e+002 -3.814697e-006
4.560000e+002 -1.907349e-006
4.570000e+002 1.907349e-006
4.580000e+002 0.000000e+000
4.590000e+002 0.000000e+000
4.600000e+002 9.536743e-007
4.610000e+002 -1.430511e-006
4.620000e+002 -3.337860e-006
4.630000e+002 -1.192093e-007
4.640000e+002 2.384186e-007
4.650000e+002 1.341105e-006
4.660000e+002 -1.668930e-006
4.670000e+002 -8.940697e-008
4.680000e+002 5.960464e-007
4.690000e+002 -9.536743e-007
4.700000e+002 -2.384186e-006
4.710000e+002 1.907349e-006
4.720000e+002 1.430511e-006
4.730000e+002 -4.768372e-007
4.740000e+002 -9.536743e-007
4.750000e+002 2.384186e-007
4.760000e+002 3.188848e-006
4.770000e+002 -1.013279e-006
4.780000e+002 -5.960464e-007
4.790000e+002 7.152557e-007
4.800000e+002 1.072884e-006
4.810000e+002 0.000000e+000
4.820000e+002 -9.536743e-007
4.830000e+002 1.430511e-006
4.840000e+002 2.384186e-007
4.850000e+002 1.192093e-007
4.860000e+002 9.536743e-007
4.870000e+002 0.000000e+000
4.880000e+002 -2.384186e-007
4.890000e+002 0.000000e+000
4.900000e+002 4.768372e-007
4.910000e+002 0.000000e+000
4.920000e+002 4.768372e-007
4.930000e+002 0.000000e+000
4.940000e+002 9.536743e-007
4.950000e+002 9.536743e-007
4.960000e+002 4.768372e-007
4.970000e+002 -9.536743e-007
4.980000e+002 9.536743e-007
