0.000000e+000 -1.523857e+000
1.000000e+000 -3.047709e+000
2.000000e+000 -4.571537e+000
3.000000e+000 -6.095376e+000
4.000000e+000 -7.619141e+000
5.000000e+000 -6.095154e+000
6.000000e+000 -4.571492e+000
7.000000e+000 -3.047546e+000
8.000000e+000 1.692772e-004
9.000000e+000 2.825856e-004
1.000000e+001 -5.686283e-005
1.100000e+001 -1.326799e-004
1.200000e+001 -9.155273e-005
1.300000e+001 -3.671646e-004
1.400000e+001 4.869699e-005
1.500000e+001 -4.479885e-004
1.600000e+001 7.581711e-005
1.700000e+001 6.904602e-004
1.800000e+001 1.091957e-003
1.900000e+001 1.596451e-003
2.000000e+001 1.686096e-003
2.100000e+001 6.160736e-004
2.200000e+001 7.019043e-004
2.300000e+001 6.027222e-004
2.400000e+001 3.786087e-004
2.500000e+001 1.530647e-004
2.600000e+001 -2.384186e-007
2.700000e+001 -6.395578e-005
2.800000e+001 -6.794930e-005
2.900000e+001 3.409386e-005
3.000000e+001 1.091957e-004
3.100000e+001 8.201599e-005
3.200000e+001 2.908707e-005
3.300000e+001 -2.479553e-005
3.400000e+001 -4.577637e-005
3.500000e+001 -7.629395e-005
3.600000e+001 -4.428625e-005
3.700000e+001 1.144409e-005
3.800000e+001 4.291534e-005
3.900000e+001 8.487701e-005
4.000000e+001 4.959106e-005
4.100000e+001 4.482269e-005
4.200000e+001 -1.400709e-006
4.300000e+001 3.784895e-006
4.400000e+001 -1.525879e-005
4.500000e+001 -1.335144e-005
4.600000e+001 -3.147125e-005
4.700000e+001 -3.719330e-005
4.800000e+001 -4.577637e-005
4.900000e+001 -3.623962e-005
5.000000e+001 -3.147125e-005
5.100000e+001 -1.716614e-005
5.200000e+001 8.583069e-006
5.300000e+001 3.147125e-005
5.400000e+001 5.149841e-005
5.500000e+001 4.386902e-005
5.600000e+001 4.768372e-005
5.700000e+001 4.100800e-005
5.800000e+001 3.147125e-005
5.900000e+001 4.482269e-005
6.000000e+001 3.147125e-005
6.100000e+001 3.910065e-005
6.200000e+001 4.100800e-005
6.300000e+001 4.386902e-005
6.400000e+001 2.765656e-005
6.500000e+001 1.335144e-005
6.600000e+001 2.193451e-005
6.700000e+001 1.811981e-005
6.800000e+001 2.098083e-005
6.900000e+001 1.716614e-005
7.000000e+001 9.536743e-006
7.100000e+001 4.768372e-006
7.200000e+001 -4.768372e-006
7.300000e+001 -8.583069e-006
7.400000e+001 -1.239777e-005
7.500000e+001 -9.059906e-006
7.600000e+001 -2.503395e-006
7.700000e+001 9.059906e-006
7.800000e+001 1.335144e-005
7.900000e+001 1.907349e-005
8.000000e+001 1.907349e-005
8.100000e+001 1.430511e-005
8.200000e+001 9.059906e-006
8.300000e+001 5.245209e-006
8.400000e+001 -3.337860e-006
8.500000e+001 -2.384186e-006
8.600000e+001 -6.675720e-006
8.700000e+001 -1.144409e-005
8.800000e+001 -7.629395e-006
8.900000e+001 -5.722046e-006
9.000000e+001 -3.814697e-006
9.100000e+001 -5.960464e-006
9.200000e+001 -5.483627e-006
9.300000e+001 -3.814697e-006
9.400000e+001 -8.583069e-006
9.500000e+001 -1.335144e-005
9.600000e+001 -8.106232e-006
9.700000e+001 -5.960464e-006
9.800000e+001 -2.115965e-006
9.900000e+001 2.384186e-007
1.000000e+002 1.370907e-006
1.010000e+002 -1.192093e-006
1.020000e+002 -5.245209e-006
1.030000e+002 -2.384186e-006
1.040000e+002 -2.384186e-006
1.050000e+002 1.668930e-006
1.060000e+002 6.675720e-006
1.070000e+002 6.675720e-006
1.080000e+002 4.768372e-006
1.090000e+002 8.583069e-006
1.100000e+002 8.583069e-006
1.110000e+002 3.337860e-006
1.120000e+002 6.675720e-006
1.130000e+002 4.768372e-006
1.140000e+002 5.245209e-006
1.150000e+002 2.264977e-006
1.160000e+002 -4.768372e-007
1.170000e+002 -1.013279e-006
1.180000e+002 2.861023e-006
1.190000e+002 4.291534e-006
1.200000e+002 8.583069e-006
1.210000e+002 2.145767e-006
1.220000e+002 -5.960464e-007
1.230000e+002 -3.099442e-006
1.240000e+002 -7.629395e-006
1.250000e+002 -8.583069e-006
1.260000e+002 -1.430511e-005
1.270000e+002 -1.525879e-005
1.280000e+002 -7.629395e-006
1.290000e+002 -7.629395e-006
1.300000e+002 -2.175570e-006
1.310000e+002 3.337860e-006
1.320000e+002 4.768372e-006
1.330000e+002 8.583069e-006
1.340000e+002 5.722046e-006
1.350000e+002 2.861023e-006
1.360000e+002 -6.675720e-006
1.370000e+002 -1.144409e-005
1.380000e+002 -1.907349e-005
1.390000e+002 -2.288818e-005
1.400000e+002 -1.907349e-005
1.410000e+002 -1.144409e-005
1.420000e+002 -9.536743e-006
1.430000e+002 -7.152557e-006
1.440000e+002 -1.311302e-006
1.450000e+002 4.768372e-007
1.460000e+002 0.000000e+000
1.470000e+002 7.629395e-006
1.480000e+002 8.583069e-006
1.490000e+002 1.239777e-005
1.500000e+002 1.049042e-005
1.510000e+002 1.144409e-005
1.520000e+002 1.049042e-005
1.530000e+002 1.335144e-005
1.540000e+002 6.198883e-006
1.550000e+002 4.768372e-006
1.560000e+002 -1.192093e-006
1.570000e+002 -3.337860e-006
1.580000e+002 -6.675720e-006
1.590000e+002 -7.629395e-006
1.600000e+002 -2.384186e-006
1.610000e+002 -8.106232e-006
1.620000e+002 -3.337860e-006
1.630000e+002 -3.337860e-006
1.640000e+002 9.536743e-007
1.650000e+002 -4.529953e-006
1.660000e+002 1.192093e-006
1.670000e+002 1.430511e-006
1.680000e+002 8.583069e-006
1.690000e+002 1.335144e-005
1.700000e+002 1.716614e-005
1.710000e+002 1.716614e-005
1.720000e+002 2.098083e-005
1.730000e+002 1.239777e-005
1.740000e+002 7.629395e-006
1.750000e+002 1.144409e-005
1.760000e+002 9.536743e-006
1.770000e+002 8.583069e-006
1.780000e+002 5.245209e-006
1.790000e+002 5.483627e-006
1.800000e+002 3.814697e-006
1.810000e+002 1.049042e-005
1.820000e+002 1.525879e-005
1.830000e+002 1.716614e-005
1.840000e+002 1.621246e-005
1.850000e+002 7.867813e-006
1.860000e+002 -9.536743e-007
1.870000e+002 -1.525879e-005
1.880000e+002 -1.716614e-005
1.890000e+002 -7.629395e-006
1.900000e+002 -5.483627e-006
1.910000e+002 7.629395e-006
1.920000e+002 -9.536743e-007
1.930000e+002 1.788139e-006
1.940000e+002 2.682209e-006
1.950000e+002 -3.337860e-006
1.960000e+002 -7.629395e-006
1.970000e+002 -7.152557e-006
1.980000e+002 -5.245209e-006
1.990000e+002 -1.192093e-006
2.000000e+002 -2.145767e-006
2.010000e+002 -2.861023e-006
2.020000e+002 -5.722046e-006
2.030000e+002 -3.218651e-006
2.040000e+002 -1.430511e-006
2.050000e+002 9.536743e-006
2.060000e+002 1.907349e-005
2.070000e+002 1.907349e-005
2.080000e+002 1.907349e-005
2.090000e+002 1.907349e-005
2.100000e+002 7.629395e-006
2.110000e+002 8.583069e-006
2.120000e+002 4.768372e-006
2.130000e+002 5.006790e-006
2.140000e+002 7.629395e-006
2.150000e+002 6.198883e-006
2.160000e+002 -7.152557e-006
2.170000e+002 7.152557e-007
2.180000e+002 -2.384186e-006
2.190000e+002 -1.430511e-006
2.200000e+002 -2.563000e-006
2.210000e+002 2.071261e-006
2.220000e+002 -2.384186e-007
2.230000e+002 -4.529953e-006
2.240000e+002 4.172325e-006
2.250000e+002 1.311302e-006
2.260000e+002 -5.304813e-006
2.270000e+002 6.675720e-006
2.280000e+002 0.000000e+000
2.290000e+002 9.536743e-006
2.300000e+002 4.768372e-007
2.310000e+002 1.096725e-005
2.320000e+002 9.536743e-007
2.330000e+002 3.814697e-006
2.340000e+002 9.536743e-006
2.350000e+002 1.144409e-005
2.360000e+002 9.536743e-006
2.370000e+002 1.525879e-005
2.380000e+002 9.536743e-006
2.390000e+002 7.629395e-006
2.400000e+002 1.049042e-005
2.410000e+002 8.106232e-006
2.420000e+002 5.722046e-006
2.430000e+002 -4.768372e-007
2.440000e+002 3.695488e-006
2.450000e+002 3.039837e-006
2.460000e+002 -8.940697e-007
2.470000e+002 -1.430511e-006
2.480000e+002 3.814697e-006
2.490000e+002 1.430511e-006
2.500000e+002 3.814697e-006
2.510000e+002 8.583069e-006
2.520000e+002 1.049042e-005
2.530000e+002 1.144409e-005
2.540000e+002 8.583069e-006
2.550000e+002 1.525879e-005
2.560000e+002 3.337860e-006
2.570000e+002 4.172325e-006
2.580000e+002 2.026558e-006
2.590000e+002 -9.059906e-006
2.600000e+002 -6.258488e-007
2.610000e+002 0.000000e+000
2.620000e+002 5.960464e-006
2.630000e+002 4.768372e-006
2.640000e+002 5.245209e-006
2.650000e+002 -1.907349e-006
2.660000e+002 -1.049042e-005
2.670000e+002 -1.907349e-006
2.680000e+002 -5.722046e-006
2.690000e+002 -3.814697e-006
2.700000e+002 -7.152557e-006
2.710000e+002 -5.483627e-006
2.720000e+002 1.430511e-006
2.730000e+002 4.768372e-006
2.740000e+002 9.536743e-006
2.750000e+002 7.629395e-006
2.760000e+002 5.722046e-006
2.770000e+002 2.384186e-006
2.780000e+002 0.000000e+000
2.790000e+002 8.106232e-006
2.800000e+002 2.861023e-006
2.810000e+002 9.536743e-006
2.820000e+002 4.768372e-006
2.830000e+002 9.536743e-007
2.840000e+002 4.291534e-006
2.850000e+002 5.483627e-006
2.860000e+002 2.741814e-006
2.870000e+002 -2.741814e-006
2.880000e+002 -5.245209e-006
2.890000e+002 0.000000e+000
2.900000e+002 -2.801418e-006
2.910000e+002 9.059906e-006
2.920000e+002 -1.966953e-006
2.930000e+002 -1.668930e-006
2.940000e+002 -3.457069e-006
2.950000e+002 -3.099442e-006
2.960000e+002 -9.424984e-007
2.970000e+002 5.245209e-006
2.980000e+002 3.337860e-006
2.990000e+002 2.861023e-006
3.000000e+002 9.536743e-007
3.010000e+002 1.144409e-005
3.020000e+002 1.049042e-005
3.030000e+002 1.239777e-005
3.040000e+002 6.675720e-006
3.050000e+002 7.152557e-006
3.060000e+002 4.291534e-006
3.070000e+002 3.933907e-006
3.080000e+002 -3.337860e-006
3.090000e+002 -6.675720e-006
3.100000e+002 -4.768372e-006
3.110000e+002 -1.144409e-005
3.120000e+002 -8.583069e-006
3.130000e+002 -1.144409e-005
3.140000e+002 -1.525879e-005
3.150000e+002 -7.629395e-006
3.160000e+002 -6.675720e-006
3.170000e+002 -6.675720e-006
3.180000e+002 -2.145767e-006
3.190000e+002 -2.622604e-006
3.200000e+002 2.384186e-006
3.210000e+002 3.814697e-006
3.220000e+002 6.675720e-006
3.230000e+002 6.675720e-006
3.240000e+002 3.337860e-006
3.250000e+002 5.722046e-006
3.260000e+002 4.291534e-006
3.270000e+002 3.814697e-006
3.280000e+002 1.549721e-006
3.290000e+002 -9.536743e-007
3.300000e+002 4.053116e-006
3.310000e+002 1.192093e-006
3.320000e+002 2.384186e-007
3.330000e+002 5.722046e-006
3.340000e+002 3.099442e-006
3.350000e+002 3.576279e-006
3.360000e+002 2.384186e-007
3.370000e+002 -2.339482e-006
3.380000e+002 3.099442e-006
3.390000e+002 -1.132488e-006
3.400000e+002 4.529953e-006
3.410000e+002 -2.384186e-006
3.420000e+002 2.741814e-006
3.430000e+002 -3.337860e-006
3.440000e+002 -9.536743e-007
3.450000e+002 -1.049042e-005
3.460000e+002 -8.583069e-006
3.470000e+002 -1.430511e-005
3.480000e+002 -8.583069e-006
3.490000e+002 -6.675720e-006
3.500000e+002 -3.337860e-006
3.510000e+002 -4.768372e-006
3.520000e+002 -1.907349e-006
3.530000e+002 -3.814697e-006
3.540000e+002 -4.053116e-006
3.550000e+002 1.668930e-006
3.560000e+002 -4.768372e-006
3.570000e+002 5.722046e-006
3.580000e+002 7.629395e-006
3.590000e+002 1.049042e-005
3.600000e+002 7.629395e-006
3.610000e+002 2.861023e-006
3.620000e+002 3.576279e-007
3.630000e+002 -1.430511e-006
3.640000e+002 -3.337860e-006
3.650000e+002 1.668930e-006
3.660000e+002 0.000000e+000
3.670000e+002 -5.245209e-006
3.680000e+002 -2.145767e-006
3.690000e+002 -2.622604e-006
3.700000e+002 3.457069e-006
3.710000e+002 -5.960464e-007
3.720000e+002 -3.337860e-006
3.730000e+002 -2.861023e-006
3.740000e+002 -8.583069e-006
3.750000e+002 -5.722046e-006
3.760000e+002 -6.675720e-006
3.770000e+002 -3.218651e-006
3.780000e+002 4.768372e-006
3.790000e+002 6.914139e-006
3.800000e+002 -2.384186e-007
3.810000e+002 -2.384186e-007
3.820000e+002 -3.337860e-006
3.830000e+002 -3.099442e-006
3.840000e+002 -3.576279e-007
3.850000e+002 -4.768372e-007
3.860000e+002 7.152557e-006
3.870000e+002 4.768372e-006
3.880000e+002 4.768372e-006
3.890000e+002 7.629395e-006
3.900000e+002 4.291534e-006
3.910000e+002 3.337860e-006
3.920000e+002 4.768372e-006
3.930000e+002 3.099442e-006
3.940000e+002 5.364418e-006
3.950000e+002 -1.907349e-006
3.960000e+002 -1.907349e-006
3.970000e+002 -1.430511e-005
3.980000e+002 -8.583069e-006
3.990000e+002 -9.536743e-006
4.000000e+002 -9.536743e-006
4.010000e+002 -1.907349e-006
4.020000e+002 -4.291534e-006
4.030000e+002 -3.814697e-006
4.040000e+002 -3.814697e-006
4.050000e+002 -6.675720e-006
4.060000e+002 -1.239777e-005
4.070000e+002 -9.536743e-006
4.080000e+002 -7.629395e-006
4.090000e+002 -1.907349e-006
4.100000e+002 -9.059906e-006
4.110000e+002 -9.536743e-007
4.120000e+002 -6.675720e-006
4.130000e+002 -5.960464e-006
4.140000e+002 3.814697e-006
4.150000e+002 -9.536743e-007
4.160000e+002 7.629395e-006
4.170000e+002 1.144409e-005
4.180000e+002 8.583069e-006
4.190000e+002 9.536743e-006
4.200000e+002 1.049042e-005
4.210000e+002 1.049042e-005
4.220000e+002 6.675720e-006
4.230000e+002 5.245209e-006
4.240000e+002 5.245209e-006
4.250000e+002 0.000000e+000
4.260000e+002 -2.384186e-006
4.270000e+002 -3.039837e-006
4.280000e+002 -1.430511e-006
4.290000e+002 0.000000e+000
4.300000e+002 1.525879e-005
4.310000e+002 1.907349e-005
4.320000e+002 2.670288e-005
4.330000e+002 1.144409e-005
4.340000e+002 3.337860e-006
4.350000e+002 4.053116e-006
4.360000e+002 -5.960464e-006
4.370000e+002 4.708767e-006
4.380000e+002 -2.741814e-006
4.390000e+002 5.960464e-006
4.400000e+002 -1.907349e-006
4.410000e+002 3.337860e-006
4.420000e+002 -1.192093e-007
4.430000e+002 0.000000e+000
4.440000e+002 -1.192093e-006
4.450000e+002 1.609325e-006
4.460000e+002 -1.192093e-007
4.470000e+002 4.768372e-007
4.480000e+002 -4.768372e-006
4.490000e+002 -5.722046e-006
4.500000e+002 -3.814697e-006
4.510000e+002 -1.144409e-005
4.520000e+002 2.905726e-007
4.530000e+002 3.814697e-006
4.540000e+002 0.000000e+000
4.550000e+002 1.335144e-005
4.560000e+002 1.144409e-005
4.570000e+002 1.525879e-005
4.580000e+002 1.335144e-005
4.590000e+002 1.049042e-005
4.600000e+002 4.768372e-006
4.610000e+002 1.907349e-006
4.620000e+002 1.001358e-005
4.630000e+002 -9.536743e-007
4.640000e+002 5.483627e-006
4.650000e+002 -1.445413e-006
4.660000e+002 -4.768372e-007
4.670000e+002 -2.399087e-006
4.680000e+002 3.576279e-007
4.690000e+002 2.384186e-006
4.700000e+002 3.337860e-006
4.710000e+002 7.629395e-006
4.720000e+002 3.337860e-006
4.730000e+002 6.198883e-006
4.740000e+002 7.629395e-006
4.750000e+002 -1.430511e-006
4.760000e+002 -3.993511e-006
4.770000e+002 5.960464e-008
4.780000e+002 -3.457069e-006
4.790000e+002 6.675720e-006
4.800000e+002 1.788139e-006
4.810000e+002 -1.192093e-006
4.820000e+002 9.536743e-007
4.830000e+002 -4.291534e-006
4.840000e+002 -5.483627e-006
4.850000e+002 -2.980232e-006
4.860000e+002 3.814697e-006
4.870000e+002 6.675720e-006
4.880000e+002 4.768372e-006
4.890000e+002 -1.668930e-006
4.900000e+002 0.000000e+000
4.910000e+002 -9.536743e-007
4.920000e+002 2.861023e-006
4.930000e+002 1.049042e-005
4.940000e+002 5.722046e-006
4.950000e+002 1.239777e-005
4.960000e+002 2.861023e-006
4.970000e+002 4.768372e-007
4.980000e+002 3.576279e-006
4.990000e+002 1.430511e-006
5.000000e+002 1.907349e-006
5.010000e+002 3.337860e-006
5.020000e+002 -5.960464e-006
5.030000e+002 2.145767e-006
5.040000e+002 -6.198883e-006
5.050000e+002 2.384186e-006
5.060000e+002 -8.583069e-006
5.070000e+002 -1.907349e-006
5.080000e+002 -7.152557e-006
5.090000e+002 -8.106232e-006
5.100000e+002 -8.344650e-007
5.110000e+002 -2.264977e-006
5.120000e+002 1.192093e-006
5.130000e+002 3.516674e-006
5.140000e+002 -6.169081e-006
5.150000e+002 3.576279e-007
5.160000e+002 -1.430511e-006
5.170000e+002 8.106232e-006
5.180000e+002 7.152557e-006
5.190000e+002 -1.668930e-006
5.200000e+002 -4.768372e-007
5.210000e+002 -6.675720e-006
5.220000e+002 -5.722046e-006
5.230000e+002 -8.106232e-006
5.240000e+002 -1.430511e-006
5.250000e+002 4.768372e-006
5.260000e+002 3.814697e-006
5.270000e+002 1.049042e-005
5.280000e+002 1.049042e-005
5.290000e+002 4.768372e-006
5.300000e+002 9.536743e-007
5.310000e+002 7.450581e-007
5.320000e+002 -2.861023e-006
5.330000e+002 -2.145767e-006
5.340000e+002 4.768372e-007
5.350000e+002 -3.933907e-006
5.360000e+002 -6.675720e-006
5.370000e+002 7.152557e-006
5.380000e+002 1.907349e-006
5.390000e+002 -3.457069e-006
5.400000e+002 -3.457069e-006
5.410000e+002 -4.649162e-006
5.420000e+002 2.384186e-006
5.430000e+002 3.337860e-006
5.440000e+002 5.722046e-006
5.450000e+002 4.529953e-006
5.460000e+002 4.053116e-006
5.470000e+002 -9.536743e-006
5.480000e+002 -4.768372e-006
5.490000e+002 -1.144409e-005
5.500000e+002 -1.335144e-005
5.510000e+002 -3.337860e-006
5.520000e+002 -8.106232e-006
5.530000e+002 4.768372e-007
5.540000e+002 -4.053116e-006
5.550000e+002 3.337860e-006
5.560000e+002 -5.245209e-006
5.570000e+002 -3.814697e-006
5.580000e+002 -1.144409e-005
5.590000e+002 -8.583069e-006
5.600000e+002 -2.384186e-006
5.610000e+002 -5.044043e-006
5.620000e+002 4.291534e-006
5.630000e+002 7.152557e-006
5.640000e+002 2.115965e-006
5.650000e+002 4.768372e-007
5.660000e+002 -5.722046e-006
5.670000e+002 -6.675720e-006
5.680000e+002 -6.675720e-006
5.690000e+002 -1.430511e-006
5.700000e+002 1.907349e-006
5.710000e+002 -3.337860e-006
5.720000e+002 -2.384186e-007
5.730000e+002 -3.337860e-006
5.740000e+002 -6.675720e-006
5.750000e+002 -3.814697e-006
5.760000e+002 -2.861023e-006
5.770000e+002 -6.198883e-006
5.780000e+002 2.205372e-006
5.790000e+002 5.275011e-006
5.800000e+002 -1.192093e-006
5.810000e+002 -1.907349e-006
5.820000e+002 -6.198883e-006
5.830000e+002 -7.629395e-006
5.840000e+002 -3.814697e-006
5.850000e+002 -2.622604e-006
5.860000e+002 -1.311302e-006
5.870000e+002 -1.192093e-006
5.880000e+002 3.337860e-006
5.890000e+002 7.629395e-006
5.900000e+002 3.814697e-006
5.910000e+002 8.583069e-006
5.920000e+002 3.814697e-006
5.930000e+002 3.337860e-006
5.940000e+002 4.768372e-006
5.950000e+002 2.622604e-006
5.960000e+002 3.337860e-006
5.970000e+002 -3.814697e-006
5.980000e+002 -1.144409e-005
5.990000e+002 -1.525879e-005
6.000000e+002 -1.335144e-005
6.010000e+002 -1.716614e-005
6.020000e+002 -9.536743e-006
6.030000e+002 -7.629395e-006
6.040000e+002 -1.144409e-005
6.050000e+002 -1.144409e-005
6.060000e+002 -8.583069e-006
6.070000e+002 -5.722046e-006
6.080000e+002 -9.536743e-006
6.090000e+002 -1.430511e-006
6.100000e+002 -6.198883e-006
6.110000e+002 -5.245209e-006
6.120000e+002 9.536743e-007
6.130000e+002 2.861023e-006
6.140000e+002 1.239777e-005
6.150000e+002 1.049042e-005
6.160000e+002 1.239777e-005
6.170000e+002 1.430511e-006
6.180000e+002 1.668930e-006
6.190000e+002 -7.629395e-006
6.200000e+002 -1.907349e-006
6.210000e+002 -7.629395e-006
6.220000e+002 -7.629395e-006
6.230000e+002 -8.583069e-006
6.240000e+002 -1.239777e-005
6.250000e+002 -3.814697e-006
6.260000e+002 -3.695488e-006
6.270000e+002 -2.384186e-007
6.280000e+002 9.536743e-006
6.290000e+002 -1.668930e-006
6.300000e+002 5.960464e-007
6.310000e+002 -5.960464e-007
6.320000e+002 -4.768372e-007
6.330000e+002 -1.907349e-006
6.340000e+002 -2.384186e-006
6.350000e+002 -4.768372e-006
6.360000e+002 -1.192093e-006
6.370000e+002 -5.483627e-006
6.380000e+002 1.549721e-006
6.390000e+002 3.337860e-006
6.400000e+002 5.722046e-006
6.410000e+002 1.907349e-006
6.420000e+002 -2.145767e-006
6.430000e+002 4.768372e-006
6.440000e+002 2.861023e-006
6.450000e+002 7.629395e-006
6.460000e+002 2.861023e-006
6.470000e+002 7.629395e-006
6.480000e+002 5.722046e-006
6.490000e+002 2.861023e-006
6.500000e+002 5.960464e-006
6.510000e+002 -1.490116e-007
6.520000e+002 -1.430511e-006
6.530000e+002 -5.960464e-006
6.540000e+002 5.245209e-006
6.550000e+002 8.583069e-006
6.560000e+002 7.629395e-006
6.570000e+002 9.536743e-006
6.580000e+002 4.291534e-006
6.590000e+002 4.410744e-006
6.600000e+002 3.814697e-006
6.610000e+002 -7.152557e-006
6.620000e+002 -7.152557e-006
6.630000e+002 -6.675720e-006
6.640000e+002 2.026558e-006
6.650000e+002 2.384186e-006
6.660000e+002 3.814697e-006
6.670000e+002 8.583069e-006
6.680000e+002 7.152557e-006
6.690000e+002 -9.536743e-007
6.700000e+002 3.218651e-006
6.710000e+002 -6.198883e-006
6.720000e+002 2.920628e-006
6.730000e+002 -2.384186e-007
6.740000e+002 3.576279e-006
6.750000e+002 3.695488e-006
6.760000e+002 3.337860e-006
6.770000e+002 -6.675720e-006
6.780000e+002 -3.814697e-006
6.790000e+002 -1.907349e-005
6.800000e+002 -8.583069e-006
6.810000e+002 -7.152557e-007
6.820000e+002 -8.404255e-006
6.830000e+002 6.675720e-006
6.840000e+002 1.239777e-005
6.850000e+002 6.675720e-006
6.860000e+002 8.106232e-006
6.870000e+002 -7.629395e-006
6.880000e+002 -5.722046e-006
6.890000e+002 -7.629395e-006
6.900000e+002 -2.145767e-006
6.910000e+002 -4.410744e-006
6.920000e+002 6.675720e-006
6.930000e+002 3.695488e-006
6.940000e+002 2.384186e-006
6.950000e+002 -4.768372e-006
6.960000e+002 -7.152557e-006
6.970000e+002 -5.483627e-006
6.980000e+002 1.668930e-006
6.990000e+002 8.583069e-006
7.000000e+002 6.675720e-006
7.010000e+002 8.583069e-006
7.020000e+002 2.622604e-006
7.030000e+002 7.152557e-007
7.040000e+002 -4.291534e-006
7.050000e+002 -4.768372e-006
7.060000e+002 -6.198883e-006
7.070000e+002 -2.622604e-006
7.080000e+002 -3.576279e-006
7.090000e+002 9.536743e-006
7.100000e+002 9.536743e-006
7.110000e+002 1.144409e-005
7.120000e+002 1.525879e-005
7.130000e+002 1.907349e-005
7.140000e+002 1.716614e-005
7.150000e+002 9.536743e-006
7.160000e+002 9.536743e-006
7.170000e+002 6.675720e-006
7.180000e+002 5.722046e-006
7.190000e+002 1.049042e-005
7.200000e+002 5.722046e-006
7.210000e+002 7.629395e-006
7.220000e+002 4.768372e-006
7.230000e+002 9.536743e-006
7.240000e+002 6.675720e-006
7.250000e+002 5.722046e-006
7.260000e+002 3.814697e-006
7.270000e+002 2.861023e-006
7.280000e+002 4.768372e-006
7.290000e+002 8.583069e-006
7.300000e+002 7.629395e-006
7.310000e+002 8.583069e-006
7.320000e+002 2.384186e-006
7.330000e+002 4.738569e-006
7.340000e+002 -3.337860e-006
7.350000e+002 -3.814697e-006
7.360000e+002 -9.536743e-006
7.370000e+002 -9.536743e-006
7.380000e+002 -9.536743e-006
7.390000e+002 -9.536743e-006
7.400000e+002 2.384186e-006
7.410000e+002 -1.788139e-006
7.420000e+002 2.503395e-006
7.430000e+002 -3.844500e-006
7.440000e+002 -2.250075e-006
7.450000e+002 0.000000e+000
7.460000e+002 5.245209e-006
7.470000e+002 4.291534e-006
7.480000e+002 5.245209e-006
7.490000e+002 -5.722046e-006
7.500000e+002 -7.629395e-006
7.510000e+002 -1.335144e-005
7.520000e+002 -1.144409e-005
7.530000e+002 -1.525879e-005
7.540000e+002 -7.629395e-006
7.550000e+002 -3.278255e-007
7.560000e+002 -4.351139e-006
7.570000e+002 7.152557e-006
7.580000e+002 4.768372e-006
7.590000e+002 2.622604e-006
7.600000e+002 -5.722046e-006
7.610000e+002 -4.768372e-006
7.620000e+002 -9.536743e-006
7.630000e+002 -1.335144e-005
7.640000e+002 -1.335144e-005
7.650000e+002 -1.239777e-005
7.660000e+002 -6.198883e-006
7.670000e+002 1.430511e-006
7.680000e+002 4.768372e-006
7.690000e+002 8.583069e-006
7.700000e+002 8.583069e-006
7.710000e+002 -7.152557e-007
7.720000e+002 -8.046627e-007
7.730000e+002 -3.099442e-006
7.740000e+002 -4.529953e-006
7.750000e+002 5.245209e-006
7.760000e+002 3.099442e-006
7.770000e+002 -9.536743e-007
7.780000e+002 2.861023e-006
7.790000e+002 3.576279e-007
7.800000e+002 1.311302e-006
7.810000e+002 9.536743e-007
7.820000e+002 -3.814697e-006
7.830000e+002 -6.675720e-006
7.840000e+002 -1.525879e-005
7.850000e+002 -1.144409e-005
7.860000e+002 -1.239777e-005
7.870000e+002 -2.622604e-006
7.880000e+002 7.152557e-007
7.890000e+002 2.861023e-006
7.900000e+002 6.675720e-006
7.910000e+002 6.675720e-006
7.920000e+002 7.629395e-006
7.930000e+002 -9.536743e-007
7.940000e+002 3.576279e-006
7.950000e+002 2.861023e-006
7.960000e+002 4.053116e-006
7.970000e+002 1.907349e-006
7.980000e+002 1.430511e-006
7.990000e+002 7.629395e-006
8.000000e+002 1.907349e-006
8.010000e+002 1.430511e-005
8.020000e+002 5.722046e-006
8.030000e+002 8.583069e-006
8.040000e+002 2.026558e-006
8.050000e+002 -5.245209e-006
8.060000e+002 -6.675720e-006
8.070000e+002 -7.629395e-006
8.080000e+002 -6.675720e-006
8.090000e+002 -9.536743e-007
8.100000e+002 -4.291534e-006
8.110000e+002 -3.218651e-006
8.120000e+002 6.198883e-006
8.130000e+002 1.907349e-006
8.140000e+002 8.583069e-006
8.150000e+002 1.335144e-005
8.160000e+002 6.675720e-006
8.170000e+002 1.001358e-005
8.180000e+002 -2.622604e-006
8.190000e+002 -2.384186e-006
8.200000e+002 -6.198883e-006
8.210000e+002 -1.430511e-006
8.220000e+002 -4.768372e-007
8.230000e+002 5.722046e-006
8.240000e+002 9.536743e-007
8.250000e+002 1.001358e-005
8.260000e+002 -4.768372e-006
8.270000e+002 3.814697e-006
8.280000e+002 1.049042e-005
8.290000e+002 4.768372e-006
8.300000e+002 1.144409e-005
8.310000e+002 -1.430511e-006
8.320000e+002 -3.099442e-006
8.330000e+002 -1.043081e-006
8.340000e+002 -1.963228e-006
8.350000e+002 5.722046e-006
8.360000e+002 4.768372e-006
8.370000e+002 3.695488e-006
8.380000e+002 -1.370907e-006
8.390000e+002 -3.814697e-006
8.400000e+002 -3.814697e-006
8.410000e+002 4.410744e-006
8.420000e+002 4.768372e-007
8.430000e+002 5.722046e-006
8.440000e+002 3.337860e-006
8.450000e+002 1.192093e-006
8.460000e+002 2.384186e-006
8.470000e+002 7.629395e-006
8.480000e+002 4.768372e-007
8.490000e+002 -1.430511e-006
8.500000e+002 6.675720e-006
8.510000e+002 0.000000e+000
8.520000e+002 6.675720e-006
8.530000e+002 -3.099442e-006
8.540000e+002 1.430511e-006
8.550000e+002 -3.337860e-006
8.560000e+002 -6.675720e-006
8.570000e+002 -9.536743e-006
8.580000e+002 -3.814697e-006
8.590000e+002 -5.722046e-006
8.600000e+002 -1.239777e-005
8.610000e+002 -9.536743e-006
8.620000e+002 -9.536743e-006
8.630000e+002 -9.059906e-006
8.640000e+002 1.311302e-006
8.650000e+002 1.549721e-006
8.660000e+002 3.695488e-006
8.670000e+002 -4.768372e-007
8.680000e+002 -6.675720e-006
8.690000e+002 -5.722046e-006
8.700000e+002 -1.335144e-005
8.710000e+002 -9.536743e-007
8.720000e+002 -3.576279e-006
8.730000e+002 -9.536743e-007
8.740000e+002 7.629395e-006
8.750000e+002 7.629395e-006
8.760000e+002 1.144409e-005
8.770000e+002 1.430511e-005
8.780000e+002 2.384186e-006
8.790000e+002 -7.152557e-007
8.800000e+002 -1.668930e-006
8.810000e+002 3.933907e-006
8.820000e+002 3.337860e-006
8.830000e+002 3.337860e-006
8.840000e+002 4.291534e-006
8.850000e+002 -6.407499e-007
8.860000e+002 6.020069e-006
8.870000e+002 -5.245209e-006
8.880000e+002 -1.043081e-006
8.890000e+002 -3.814697e-006
8.900000e+002 2.861023e-006
8.910000e+002 1.907349e-005
8.920000e+002 1.335144e-005
8.930000e+002 1.716614e-005
8.940000e+002 1.144409e-005
8.950000e+002 9.536743e-006
8.960000e+002 4.768372e-007
8.970000e+002 -1.490116e-006
8.980000e+002 1.549721e-006
8.990000e+002 -2.384186e-006
9.000000e+002 5.722046e-006
9.010000e+002 -2.384186e-006
9.020000e+002 -1.192093e-006
9.030000e+002 1.907349e-006
9.040000e+002 4.887581e-006
9.050000e+002 5.245209e-006
9.060000e+002 4.768372e-007
9.070000e+002 -6.198883e-006
9.080000e+002 -1.049042e-005
9.090000e+002 -3.337860e-006
9.100000e+002 -5.245209e-006
9.110000e+002 2.801418e-006
9.120000e+002 -1.564622e-006
9.130000e+002 9.536743e-007
9.140000e+002 -5.722046e-006
9.150000e+002 -6.675720e-006
9.160000e+002 -4.768372e-006
9.170000e+002 -1.430511e-005
9.180000e+002 -3.337860e-006
9.190000e+002 -1.430511e-006
9.200000e+002 -3.337860e-006
9.210000e+002 -3.337860e-006
9.220000e+002 -4.053116e-006
9.230000e+002 -1.907349e-006
9.240000e+002 -5.483627e-006
9.250000e+002 2.846122e-006
9.260000e+002 -9.536743e-007
9.270000e+002 -7.152557e-007
9.280000e+002 1.430511e-006
9.290000e+002 -5.722046e-006
9.300000e+002 -5.722046e-006
9.310000e+002 -5.722046e-006
9.320000e+002 -9.536743e-006
9.330000e+002 1.430511e-006
9.340000e+002 -3.814697e-006
9.350000e+002 -4.768372e-007
9.360000e+002 -5.707145e-006
9.370000e+002 -4.768372e-007
9.380000e+002 9.536743e-007
9.390000e+002 1.049042e-005
9.400000e+002 1.239777e-005
9.410000e+002 1.335144e-005
9.420000e+002 4.291534e-006
9.430000e+002 1.668930e-006
9.440000e+002 -5.006790e-006
9.450000e+002 -2.384186e-006
9.460000e+002 3.695488e-006
9.470000e+002 -5.245209e-006
9.480000e+002 2.294779e-006
9.490000e+002 -3.784895e-006
9.500000e+002 1.370907e-006
9.510000e+002 5.960464e-007
9.520000e+002 -3.218651e-006
9.530000e+002 4.351139e-006
9.540000e+002 -3.576279e-006
9.550000e+002 -4.768372e-007
9.560000e+002 -4.291534e-006
9.570000e+002 1.907349e-006
9.580000e+002 -3.337860e-006
9.590000e+002 -5.722046e-006
9.600000e+002 -9.536743e-007
9.610000e+002 -1.525879e-005
9.620000e+002 -8.583069e-006
9.630000e+002 -1.239777e-005
9.640000e+002 -8.583069e-006
9.650000e+002 -3.814697e-006
9.660000e+002 9.536743e-007
9.670000e+002 -1.430511e-006
9.680000e+002 -9.059906e-006
9.690000e+002 -3.814697e-006
9.700000e+002 -7.390976e-006
9.710000e+002 4.529953e-006
9.720000e+002 5.722046e-006
9.730000e+002 2.861023e-006
9.740000e+002 2.384186e-006
9.750000e+002 -2.503395e-006
9.760000e+002 2.086163e-006
9.770000e+002 -2.145767e-006
9.780000e+002 1.907349e-006
9.790000e+002 7.629395e-006
9.800000e+002 1.335144e-005
9.810000e+002 1.335144e-005
9.820000e+002 1.049042e-005
9.830000e+002 1.049042e-005
9.840000e+002 3.337860e-006
9.850000e+002 3.337860e-006
9.860000e+002 9.536743e-007
9.870000e+002 1.192093e-005
9.880000e+002 9.536743e-007
9.890000e+002 8.583069e-006
9.900000e+002 -1.430511e-006
9.910000e+002 3.814697e-006
9.920000e+002 4.291534e-006
9.930000e+002 9.238720e-007
9.940000e+002 2.026558e-006
9.950000e+002 -1.907349e-006
9.960000e+002 -7.152557e-006
9.970000e+002 -1.907349e-006
9.980000e+002 -7.629395e-006
