-1.02635    
-0.354185   
0.964053    
1.36676     
1.56115     
-1.13858    
1.36747     
0.477446    
1.118       
-0.0423584  
0.805776    
-0.911408   
0.831779    
0.600439    
-0.515862   
-0.475009   
1.83272     
1.00465     
-0.0992636  
-0.343506   
1.66308     
-1.265      
-1.17146    
1.66534     
0.313117    
-0.778441   
-0.315669   
1.02        
-1.06224    
1.13053     
0.463492    
0.528884    
0.936514    
-1.16861    
-0.450039   
1.04909     
-2.27733    
0.476075    
-1.74403    
1.52954     
-0.94255    
-1.0954     
-0.509219   
1.31525     
-0.617789   
-1.34145    
0.852162    
0.563501    
0.612544    
-0.697846   
1.38827     
-0.543917   
0.0162425   
0.207286    
1.28957     
1.10121     
1.37722     
0.259371    
-1.08396    
-0.630113   
-0.420155   
0.148645    
-1.50739    
0.477584    
-0.419485   
-0.160606   
0.676126    
-0.677492   
-1.06922    
-1.54314    
-1.59866    
-0.5933     
-0.728009   
0.312288    
0.547683    
-0.0995967  
-0.469417   
0.965504    
0.955163    
-1.81831    
0.399964    
0.499686    
1.73886     
-0.0469677  
-0.398085   
-0.178664   
-0.0763254  
1.34105     
-1.02524    
0.00949735  
-0.306403   
0.212624    
-0.505654   
-0.0524915  
0.77901     
-0.483773   
2.03131     
-1.40119    
0.299804    
-0.00626546  
-1.71276    
-0.426178   
0.514234    
-0.0945623  
-1.40212    
0.671895    
0.522279    
-0.0825133  
-0.946985   
1.03285     
-3.33402    
-1.7064     
-0.894172   
0.0819381   
-0.740493   
0.260714    
0.579688    
1.28247     
-1.83362    
1.03613     
-0.85775    
-0.0984787  
0.694785    
0.479354    
-1.22861    
1.10275     
1.57599     
-0.547555   
