0.000000e+000 2.392315e-001
1.000000e+000 4.599020e-001
2.000000e+000 3.538101e-001
3.000000e+000 1.939811e-001
4.000000e+000 4.531432e-003
5.000000e+000 -1.855071e-001
6.000000e+000 -3.475634e-001
7.000000e+000 -4.559593e-001
8.000000e+000 -4.959486e-001
9.000000e+000 -4.595691e-001
1.000000e+001 -3.537077e-001
1.100000e+001 -1.939555e-001
1.200000e+001 -4.736242e-003
1.300000e+001 1.854559e-001
1.400000e+001 3.473330e-001
1.500000e+001 4.560106e-001
1.600000e+001 4.960254e-001
1.700000e+001 4.600812e-001
1.800000e+001 3.538101e-001
1.900000e+001 1.939811e-001
2.000000e+001 4.531432e-003
2.100000e+001 -1.855071e-001
2.200000e+001 -3.475634e-001
2.300000e+001 -4.559593e-001
2.400000e+001 -4.959486e-001
2.500000e+001 -4.595691e-001
2.600000e+001 -3.537077e-001
2.700000e+001 -1.939555e-001
2.800000e+001 -4.736242e-003
2.900000e+001 1.854559e-001
3.000000e+001 3.473330e-001
3.100000e+001 4.560106e-001
3.200000e+001 4.960254e-001
3.300000e+001 4.600812e-001
3.400000e+001 3.538101e-001
3.500000e+001 1.939811e-001
3.600000e+001 4.531432e-003
3.700000e+001 -1.855071e-001
3.800000e+001 -3.475634e-001
3.900000e+001 -4.559593e-001
4.000000e+001 -4.959486e-001
4.100000e+001 -4.595691e-001
4.200000e+001 -3.537077e-001
4.300000e+001 -1.939555e-001
4.400000e+001 -4.736242e-003
4.500000e+001 1.854559e-001
4.600000e+001 3.473330e-001
4.700000e+001 4.560106e-001
4.800000e+001 4.960254e-001
4.900000e+001 4.600812e-001
5.000000e+001 3.538101e-001
5.100000e+001 1.939811e-001
5.200000e+001 4.531432e-003
5.300000e+001 -1.855071e-001
5.400000e+001 -3.475634e-001
5.500000e+001 -4.559593e-001
5.600000e+001 -4.959486e-001
5.700000e+001 -4.595691e-001
5.800000e+001 -3.537077e-001
5.900000e+001 -1.939555e-001
6.000000e+001 -4.736242e-003
6.100000e+001 1.854559e-001
6.200000e+001 3.473330e-001
6.300000e+001 4.560106e-001
6.400000e+001 4.960254e-001
6.500000e+001 4.600812e-001
6.600000e+001 3.538101e-001
6.700000e+001 1.939811e-001
6.800000e+001 4.531432e-003
6.900000e+001 -1.855071e-001
7.000000e+001 -3.475634e-001
7.100000e+001 -4.559593e-001
7.200000e+001 -4.959486e-001
7.300000e+001 -4.595691e-001
7.400000e+001 -3.537077e-001
7.500000e+001 -1.939555e-001
7.600000e+001 -4.736242e-003
7.700000e+001 1.854559e-001
7.800000e+001 3.473330e-001
7.900000e+001 4.560106e-001
8.000000e+001 4.960254e-001
8.100000e+001 4.600812e-001
8.200000e+001 3.538101e-001
8.300000e+001 1.939811e-001
8.400000e+001 4.531432e-003
8.500000e+001 -1.855071e-001
8.600000e+001 -3.475634e-001
8.700000e+001 -4.559593e-001
8.800000e+001 -4.959486e-001
8.900000e+001 -4.595691e-001
9.000000e+001 -3.537077e-001
9.100000e+001 -1.939555e-001
9.200000e+001 -4.736242e-003
9.300000e+001 1.853535e-001
9.400000e+001 3.474610e-001
9.500000e+001 4.559337e-001
9.600000e+001 4.960254e-001
9.700000e+001 4.600812e-001
9.800000e+001 3.538101e-001
9.900000e+001 1.939811e-001
1.000000e+002 4.531432e-003
1.010000e+002 -1.855071e-001
1.020000e+002 -3.475634e-001
1.030000e+002 -4.559593e-001
1.040000e+002 -4.959486e-001
1.050000e+002 -4.595691e-001
1.060000e+002 -3.537077e-001
1.070000e+002 -1.939555e-001
1.080000e+002 -4.736242e-003
1.090000e+002 1.853023e-001
1.100000e+002 3.474866e-001
1.110000e+002 4.559337e-001
1.120000e+002 4.960254e-001
1.130000e+002 4.600812e-001
1.140000e+002 3.538101e-001
1.150000e+002 1.939811e-001
1.160000e+002 4.531432e-003
1.170000e+002 -1.855071e-001
1.180000e+002 -3.475634e-001
1.190000e+002 -4.559593e-001
1.200000e+002 -4.959486e-001
1.210000e+002 -4.595691e-001
1.220000e+002 -3.537077e-001
1.230000e+002 -1.939555e-001
1.240000e+002 -4.736242e-003
1.250000e+002 1.853023e-001
1.260000e+002 3.474866e-001
1.270000e+002 4.561386e-001
1.280000e+002 4.959230e-001
1.290000e+002 4.600812e-001
1.300000e+002 3.538101e-001
1.310000e+002 1.939811e-001
1.320000e+002 4.531432e-003
1.330000e+002 -1.855071e-001
1.340000e+002 -3.475634e-001
1.350000e+002 -4.559593e-001
1.360000e+002 -4.959486e-001
1.370000e+002 -4.595691e-001
1.380000e+002 -3.537589e-001
1.390000e+002 -1.940067e-001
1.400000e+002 -4.787445e-003
1.410000e+002 1.854047e-001
1.420000e+002 3.474866e-001
1.430000e+002 4.561386e-001
1.440000e+002 4.959230e-001
1.450000e+002 4.600812e-001
1.460000e+002 3.538101e-001
1.470000e+002 1.939811e-001
1.480000e+002 4.531432e-003
1.490000e+002 -1.855071e-001
1.500000e+002 -3.475634e-001
1.510000e+002 -4.559593e-001
1.520000e+002 -4.959230e-001
1.530000e+002 -4.595435e-001
1.540000e+002 -3.537589e-001
1.550000e+002 -1.940067e-001
1.560000e+002 -4.838648e-003
1.570000e+002 1.853535e-001
1.580000e+002 3.474866e-001
1.590000e+002 4.561386e-001
1.600000e+002 4.959230e-001
1.610000e+002 4.600812e-001
1.620000e+002 3.538101e-001
1.630000e+002 1.939811e-001
1.640000e+002 4.531432e-003
1.650000e+002 -1.855071e-001
1.660000e+002 -3.475634e-001
1.670000e+002 -4.559593e-001
1.680000e+002 -4.959230e-001
1.690000e+002 -4.595435e-001
1.700000e+002 -3.537589e-001
1.710000e+002 -1.940067e-001
1.720000e+002 -4.838648e-003
1.730000e+002 1.855071e-001
1.740000e+002 3.474098e-001
1.750000e+002 4.561386e-001
1.760000e+002 4.959230e-001
1.770000e+002 4.600812e-001
1.780000e+002 3.538101e-001
1.790000e+002 1.939811e-001
1.800000e+002 4.531432e-003
1.810000e+002 -1.855071e-001
1.820000e+002 -3.475634e-001
1.830000e+002 -4.559593e-001
1.840000e+002 -4.959230e-001
1.850000e+002 -4.595435e-001
1.860000e+002 -3.537589e-001
1.870000e+002 -1.940067e-001
1.880000e+002 -4.838648e-003
1.890000e+002 1.855071e-001
1.900000e+002 3.474098e-001
1.910000e+002 4.561386e-001
1.920000e+002 4.959230e-001
1.930000e+002 4.600812e-001
1.940000e+002 3.538101e-001
1.950000e+002 1.939811e-001
1.960000e+002 4.531432e-003
1.970000e+002 -1.855071e-001
1.980000e+002 -3.474354e-001
1.990000e+002 -4.560106e-001
2.000000e+002 -4.959230e-001
2.010000e+002 -4.595435e-001
2.020000e+002 -3.537589e-001
2.030000e+002 -1.940067e-001
2.040000e+002 -4.838648e-003
2.050000e+002 1.855071e-001
2.060000e+002 3.474098e-001
2.070000e+002 4.561386e-001
2.080000e+002 4.959230e-001
2.090000e+002 4.600812e-001
2.100000e+002 3.538101e-001
2.110000e+002 1.939811e-001
2.120000e+002 4.531432e-003
2.130000e+002 -1.855071e-001
2.140000e+002 -3.474354e-001
2.150000e+002 -4.560106e-001
2.160000e+002 -4.959230e-001
2.170000e+002 -4.595435e-001
2.180000e+002 -3.537589e-001
2.190000e+002 -1.940067e-001
2.200000e+002 -4.838648e-003
2.210000e+002 1.855071e-001
2.220000e+002 3.474098e-001
2.230000e+002 4.561386e-001
2.240000e+002 4.959230e-001
2.250000e+002 4.600812e-001
2.260000e+002 3.538101e-001
2.270000e+002 1.939811e-001
2.280000e+002 4.531432e-003
2.290000e+002 -1.855071e-001
2.300000e+002 -3.474354e-001
2.310000e+002 -4.560106e-001
2.320000e+002 -4.959230e-001
2.330000e+002 -4.595435e-001
2.340000e+002 -3.537589e-001
2.350000e+002 -1.940067e-001
2.360000e+002 -4.838648e-003
2.370000e+002 1.855071e-001
2.380000e+002 3.474098e-001
2.390000e+002 4.559850e-001
2.400000e+002 4.957694e-001
2.410000e+002 4.600812e-001
2.420000e+002 3.538101e-001
2.430000e+002 1.939811e-001
2.440000e+002 4.531432e-003
2.450000e+002 -1.855071e-001
2.460000e+002 -3.474354e-001
2.470000e+002 -4.560106e-001
2.480000e+002 -4.959230e-001
2.490000e+002 -4.595435e-001
2.500000e+002 -3.537589e-001
2.510000e+002 -1.940579e-001
2.520000e+002 -4.710641e-003
2.530000e+002 1.855071e-001
2.540000e+002 3.474098e-001
2.550000e+002 4.559850e-001
