0.000000e+000 4.783894e-002
5.000000e-004 -1.978251e-002
1.000000e-003 -9.519759e-002
1.500000e-003 -1.566575e-001
2.000000e-003 -1.863182e-001
2.500000e-003 -1.744033e-001
3.000000e-003 -1.210730e-001
3.500000e-003 -3.568447e-002
4.000000e-003 6.617619e-002
4.500000e-003 1.669576e-001
5.000000e-003 2.514918e-001
5.500000e-003 3.102848e-001
6.000000e-003 3.409664e-001
6.500000e-003 3.476772e-001
7.000000e-003 3.387468e-001
7.500000e-003 3.234718e-001
8.000000e-003 3.090020e-001
8.500000e-003 2.982469e-001
9.000000e-003 2.893671e-001
9.500000e-003 2.769198e-001
1.000000e-002 2.542266e-001
1.050000e-002 2.161795e-001
1.100000e-002 1.615817e-001
1.150000e-002 9.427298e-002
1.200000e-002 2.266223e-002
1.250000e-002 -4.222976e-002
1.300000e-002 -8.966210e-002
1.350000e-002 -1.121537e-001
1.400000e-002 -1.076632e-001
1.450000e-002 -8.029456e-002
1.500000e-002 -3.927101e-002
1.550000e-002 3.579989e-003
1.600000e-002 3.715010e-002
1.650000e-002 5.424297e-002
1.700000e-002 5.370779e-002
1.750000e-002 4.085552e-002
1.800000e-002 2.596783e-002
1.850000e-002 2.124523e-002
1.900000e-002 3.699699e-002
1.950000e-002 7.812521e-002
2.000000e-002 1.419192e-001
2.050000e-002 2.178619e-001
2.100000e-002 2.896293e-001
2.150000e-002 3.388743e-001
2.200000e-002 3.498880e-001
2.250000e-002 3.139518e-001
2.300000e-002 2.322260e-001
2.350000e-002 1.163462e-001
2.400000e-002 -1.353760e-002
2.450000e-002 -1.329074e-001
2.500000e-002 -2.182719e-001
2.550000e-002 -2.525352e-001
2.600000e-002 -2.290440e-001
2.650000e-002 -1.533149e-001
2.700000e-002 -4.200108e-002
2.750000e-002 8.068416e-002
2.800000e-002 1.882519e-001
2.850000e-002 2.576939e-001
2.900000e-002 2.743717e-001
2.950000e-002 2.349270e-001
3.000000e-002 1.475958e-001
3.050000e-002 2.994325e-002
3.100000e-002 -9.535783e-002
3.150000e-002 -2.056319e-001
3.200000e-002 -2.829642e-001
3.250000e-002 -3.175332e-001
3.300000e-002 -3.088380e-001
3.350000e-002 -2.646931e-001
3.400000e-002 -1.984268e-001
3.450000e-002 -1.251298e-001
3.500000e-002 -5.797979e-002
3.550000e-002 -5.563952e-003
3.600000e-002 2.921358e-002
3.650000e-002 4.852374e-002
3.700000e-002 5.766465e-002
3.750000e-002 6.248289e-002
3.800000e-002 6.700416e-002
3.850000e-002 7.200412e-002
3.900000e-002 7.493006e-002
3.950000e-002 7.115799e-002
4.000000e-002 5.615443e-002
4.050000e-002 2.783085e-002
4.100000e-002 -1.169426e-002
4.150000e-002 -5.555055e-002
4.200000e-002 -9.306918e-002
4.250000e-002 -1.120801e-001
4.300000e-002 -1.019961e-001
4.350000e-002 -5.687237e-002
4.400000e-002 2.240993e-002
4.450000e-002 1.274893e-001
4.500000e-002 2.436736e-001
4.550000e-002 3.527042e-001
4.600000e-002 4.365190e-001
4.650000e-002 4.811262e-001
4.700000e-002 4.796535e-001
4.750000e-002 4.338261e-001
4.800000e-002 3.535147e-001
4.850000e-002 2.544612e-001
4.900000e-002 1.547411e-001
4.950000e-002 7.081564e-002
5.000000e-002 1.411434e-002
5.050000e-002 -1.106863e-002
5.100000e-002 -7.920619e-003
5.150000e-002 1.429826e-002
5.200000e-002 4.299118e-002
5.250000e-002 6.555650e-002
5.300000e-002 7.247719e-002
5.350000e-002 5.943913e-002
5.400000e-002 2.803291e-002
5.450000e-002 -1.502355e-002
5.500000e-002 -5.983408e-002
5.550000e-002 -9.586933e-002
5.600000e-002 -1.144345e-001
5.650000e-002 -1.104684e-001
5.700000e-002 -8.331403e-002
5.750000e-002 -3.640738e-002
5.800000e-002 2.388438e-002
5.850000e-002 8.984555e-002
5.900000e-002 1.539392e-001
5.950000e-002 2.098935e-001
6.000000e-002 2.531654e-001
6.050000e-002 2.808295e-001
6.100000e-002 2.911373e-001
6.150000e-002 2.830765e-001
6.200000e-002 2.562215e-001
6.250000e-002 2.110104e-001
6.300000e-002 1.493724e-001
6.350000e-002 7.543335e-002
6.400000e-002 -4.081070e-003
6.450000e-002 -8.009489e-002
6.500000e-002 -1.422705e-001
6.550000e-002 -1.808581e-001
6.600000e-002 -1.889468e-001
6.650000e-002 -1.645455e-001
6.700000e-002 -1.118599e-001
6.750000e-002 -4.125351e-002
6.800000e-002 3.232265e-002
6.850000e-002 9.225093e-002
6.900000e-002 1.239361e-001
6.950000e-002 1.184018e-001
7.000000e-002 7.485618e-002
7.050000e-002 1.464780e-003
7.100000e-002 -8.603334e-002
7.150000e-002 -1.676977e-001
7.200000e-002 -2.240438e-001
7.250000e-002 -2.408908e-001
7.300000e-002 -2.131753e-001
7.350000e-002 -1.466818e-001
7.400000e-002 -5.711448e-002
7.450000e-002 3.342217e-002
7.500000e-002 1.017866e-001
7.550000e-002 1.297422e-001
7.600000e-002 1.089852e-001
7.650000e-002 4.391195e-002
7.700000e-002 -4.871679e-002
7.750000e-002 -1.433123e-001
7.800000e-002 -2.114803e-001
7.850000e-002 -2.291402e-001
7.900000e-002 -1.830023e-001
7.950000e-002 -7.472996e-002
8.000000e-002 7.838503e-002
8.050000e-002 2.465946e-001
8.100000e-002 3.941298e-001
8.150000e-002 4.874772e-001
8.200000e-002 5.035588e-001
8.250000e-002 4.358138e-001
8.300000e-002 2.966176e-001
8.350000e-002 1.153038e-001
8.400000e-002 -6.790458e-002
8.450000e-002 -2.107508e-001
8.500000e-002 -2.785781e-001
8.550000e-002 -2.524886e-001
8.600000e-002 -1.340785e-001
8.650000e-002 5.442950e-002
8.700000e-002 2.747616e-001
8.750000e-002 4.808766e-001
8.800000e-002 6.290711e-001
8.850000e-002 6.875852e-001
8.900000e-002 6.434945e-001
8.950000e-002 5.053205e-001
9.000000e-002 3.007977e-001
9.050000e-002 7.037731e-002
9.100000e-002 -1.419554e-001
9.150000e-002 -2.983730e-001
9.200000e-002 -3.751472e-001
9.250000e-002 -3.670467e-001
9.300000e-002 -2.872866e-001
9.350000e-002 -1.632117e-001
9.400000e-002 -2.891034e-002
9.450000e-002 8.333472e-002
9.500000e-002 1.506440e-001
9.550000e-002 1.643713e-001
9.600000e-002 1.311054e-001
9.650000e-002 6.976576e-002
9.700000e-002 5.700558e-003
9.750000e-002 -3.658346e-002
9.800000e-002 -4.013562e-002
9.850000e-002 -1.285225e-006
9.900000e-002 7.569551e-002
9.950000e-002 1.682097e-001
1.000000e-001 2.534311e-001
1.005000e-001 3.084867e-001
1.010000e-001 3.179107e-001
1.015000e-001 2.777580e-001
1.020000e-001 1.965988e-001
1.025000e-001 9.317224e-002
1.030000e-001 -8.639161e-003
1.035000e-001 -8.615597e-002
1.040000e-001 -1.238717e-001
1.045000e-001 -1.174641e-001
1.050000e-001 -7.479201e-002
1.055000e-001 -1.362153e-002
1.060000e-001 4.330790e-002
1.065000e-001 7.456976e-002
1.070000e-001 6.602021e-002
1.075000e-001 1.486806e-002
1.080000e-001 -6.925022e-002
1.085000e-001 -1.665011e-001
1.090000e-001 -2.518431e-001
1.095000e-001 -3.015066e-001
1.100000e-001 -2.992979e-001
1.105000e-001 -2.411013e-001
1.110000e-001 -1.363959e-001
1.115000e-001 -6.366648e-003
1.120000e-001 1.209574e-001
1.125000e-001 2.173460e-001
1.130000e-001 2.611543e-001
1.135000e-001 2.425773e-001
1.140000e-001 1.660800e-001
1.145000e-001 4.941570e-002
1.150000e-001 -8.051082e-002
1.155000e-001 -1.939088e-001
1.160000e-001 -2.649587e-001
1.165000e-001 -2.776111e-001
1.170000e-001 -2.289591e-001
1.175000e-001 -1.294499e-001
1.180000e-001 2.124906e-005
1.185000e-001 1.333285e-001
1.190000e-001 2.453038e-001
1.195000e-001 3.173687e-001
1.200000e-001 3.412818e-001
1.205000e-001 3.201912e-001
1.210000e-001 2.668891e-001
1.215000e-001 1.998622e-001
1.220000e-001 1.382540e-001
1.225000e-001 9.707081e-002
1.230000e-001 8.382842e-002
1.235000e-001 9.740303e-002
1.240000e-001 1.292370e-001
1.245000e-001 1.664284e-001
1.250000e-001 1.957594e-001
1.255000e-001 2.075203e-001
1.260000e-001 1.980934e-001
1.265000e-001 1.706475e-001
1.270000e-001 1.338362e-001
1.275000e-001 9.894687e-002
1.280000e-001 7.636297e-002
1.285000e-001 7.236499e-002
1.290000e-001 8.717806e-002
1.295000e-001 1.148047e-001
1.300000e-001 1.446758e-001
1.305000e-001 1.646392e-001
1.310000e-001 1.644446e-001
1.315000e-001 1.387424e-001
1.320000e-001 8.876596e-002
1.325000e-001 2.222566e-002
1.330000e-001 -4.855368e-002
1.335000e-001 -1.097410e-001
1.340000e-001 -1.495003e-001
1.345000e-001 -1.609286e-001
1.350000e-001 -1.436379e-001
1.355000e-001 -1.035615e-001
1.360000e-001 -5.106736e-002
1.365000e-001 2.077332e-003
1.370000e-001 4.601826e-002
1.375000e-001 7.545900e-002
1.380000e-001 9.087785e-002
1.385000e-001 9.795848e-002
1.390000e-001 1.053821e-001
1.395000e-001 1.216070e-001
1.400000e-001 1.515687e-001
1.405000e-001 1.942923e-001
1.410000e-001 2.421880e-001
1.415000e-001 2.823582e-001
1.420000e-001 2.996925e-001
1.425000e-001 2.810130e-001
1.430000e-001 2.191966e-001
1.435000e-001 1.161345e-001
1.440000e-001 -1.636418e-002
1.445000e-001 -1.581382e-001
1.450000e-001 -2.844998e-001
1.455000e-001 -3.715178e-001
1.460000e-001 -4.015425e-001
1.465000e-001 -3.676303e-001
1.470000e-001 -2.757370e-001
1.475000e-001 -1.440384e-001
1.480000e-001 5.848780e-004
1.485000e-001 1.281858e-001
1.490000e-001 2.122684e-001
1.495000e-001 2.356974e-001
1.500000e-001 1.946247e-001
1.505000e-001 9.949161e-002
1.510000e-001 -2.716745e-002
1.515000e-001 -1.556561e-001
1.520000e-001 -2.556852e-001
1.525000e-001 -3.030994e-001
1.530000e-001 -2.852440e-001
1.535000e-001 -2.037619e-001
1.540000e-001 -7.420401e-002
1.545000e-001 7.743995e-002
1.550000e-001 2.204913e-001
1.555000e-001 3.263050e-001
1.560000e-001 3.744651e-001
1.565000e-001 3.570908e-001
1.570000e-001 2.803442e-001
1.575000e-001 1.628699e-001
1.580000e-001 3.158107e-002
1.585000e-001 -8.422054e-002
1.590000e-001 -1.590704e-001
1.595000e-001 -1.765631e-001
1.600000e-001 -1.324900e-001
1.605000e-001 -3.531027e-002
1.610000e-001 9.603028e-002
1.615000e-001 2.363451e-001
1.620000e-001 3.595241e-001
1.625000e-001 4.437529e-001
1.630000e-001 4.755603e-001
1.635000e-001 4.519299e-001
1.640000e-001 3.801797e-001
1.645000e-001 2.757939e-001
1.650000e-001 1.588098e-001
1.655000e-001 4.961541e-002
1.660000e-001 -3.494516e-002
1.665000e-001 -8.439542e-002
1.670000e-001 -9.591869e-002
1.675000e-001 -7.401368e-002
1.680000e-001 -2.875863e-002
1.685000e-001 2.681366e-002
1.690000e-001 7.959937e-002
1.695000e-001 1.189573e-001
1.700000e-001 1.384263e-001
1.705000e-001 1.363850e-001
1.710000e-001 1.156596e-001
1.715000e-001 8.229713e-002
1.720000e-001 4.386766e-002
1.725000e-001 7.704791e-003
1.730000e-001 -2.054457e-002
1.735000e-001 -3.780163e-002
1.740000e-001 -4.375772e-002
1.745000e-001 -4.043924e-002
1.750000e-001 -3.130500e-002
1.755000e-001 -2.012303e-002
1.760000e-001 -9.898663e-003
1.765000e-001 -2.092645e-003
1.770000e-001 3.706776e-003
1.775000e-001 9.595543e-003
1.780000e-001 1.869802e-002
1.785000e-001 3.418986e-002
1.790000e-001 5.821761e-002
1.795000e-001 9.096303e-002
1.800000e-001 1.300809e-001
1.805000e-001 1.706809e-001
1.810000e-001 2.059136e-001
1.815000e-001 2.281029e-001
1.820000e-001 2.302367e-001
1.825000e-001 2.075357e-001
1.830000e-001 1.587646e-001
1.835000e-001 8.697688e-002
1.840000e-001 -5.323663e-004
1.845000e-001 -9.313837e-002
1.850000e-001 -1.785547e-001
1.855000e-001 -2.449735e-001
1.860000e-001 -2.832645e-001
1.865000e-001 -2.887691e-001
1.870000e-001 -2.622820e-001
1.875000e-001 -2.099630e-001
1.880000e-001 -1.421423e-001
1.885000e-001 -7.123317e-002
1.890000e-001 -9.177171e-003
1.895000e-001 3.502235e-002
1.900000e-001 5.711898e-002
1.905000e-001 5.836125e-002
1.910000e-001 4.495557e-002
1.915000e-001 2.635459e-002
1.920000e-001 1.275976e-002
1.925000e-001 1.243041e-002
1.930000e-001 2.946125e-002
1.935000e-001 6.259776e-002
1.940000e-001 1.054238e-001
1.945000e-001 1.479221e-001
1.950000e-001 1.790642e-001
1.955000e-001 1.898081e-001
1.960000e-001 1.757487e-001
1.965000e-001 1.387194e-001
1.970000e-001 8.687122e-002
1.975000e-001 3.311607e-002
1.980000e-001 -7.767633e-003
1.985000e-001 -2.272141e-002
1.990000e-001 -3.823608e-003
1.995000e-001 4.932173e-002
2.000000e-001 1.288814e-001
2.005000e-001 2.200443e-001
2.010000e-001 3.040347e-001
2.015000e-001 3.622522e-001
2.020000e-001 3.806009e-001
2.025000e-001 3.529798e-001
2.030000e-001 2.830660e-001
2.035000e-001 1.838922e-001
2.040000e-001 7.523520e-002
2.045000e-001 -2.065836e-002
2.050000e-001 -8.405858e-002
2.055000e-001 -1.023118e-001
2.060000e-001 -7.289527e-002
2.065000e-001 -4.216157e-003
2.070000e-001 8.608636e-002
2.075000e-001 1.750023e-001
2.080000e-001 2.393275e-001
2.085000e-001 2.609907e-001
2.090000e-001 2.313090e-001
2.095000e-001 1.531841e-001
2.100000e-001 4.070818e-002
2.105000e-001 -8.375804e-002
2.110000e-001 -1.943986e-001
2.115000e-001 -2.675763e-001
2.120000e-001 -2.870284e-001
2.125000e-001 -2.474661e-001
2.130000e-001 -1.557827e-001
2.135000e-001 -2.961669e-002
2.140000e-001 1.063916e-001
2.145000e-001 2.258053e-001
2.150000e-001 3.059015e-001
2.155000e-001 3.322914e-001
2.160000e-001 3.016784e-001
2.165000e-001 2.222151e-001
2.170000e-001 1.114669e-001
2.175000e-001 -7.497139e-003
2.180000e-001 -1.109793e-001
2.185000e-001 -1.794245e-001
2.190000e-001 -2.010967e-001
2.195000e-001 -1.739624e-001
2.200000e-001 -1.055100e-001
2.205000e-001 -1.069314e-002
2.210000e-001 9.143418e-002
2.215000e-001 1.815924e-001
2.220000e-001 2.438322e-001
2.225000e-001 2.680951e-001
2.230000e-001 2.513872e-001
2.235000e-001 1.975148e-001
2.240000e-001 1.156391e-001
2.245000e-001 1.811596e-002
2.250000e-001 -8.183821e-002
2.255000e-001 -1.721765e-001
2.260000e-001 -2.434343e-001
2.265000e-001 -2.894174e-001
2.270000e-001 -3.072525e-001
2.275000e-001 -2.970102e-001
2.280000e-001 -2.611478e-001
2.285000e-001 -2.039701e-001
2.290000e-001 -1.312008e-001
2.295000e-001 -4.964195e-002
2.300000e-001 3.318338e-002
2.305000e-001 1.095309e-001
2.310000e-001 1.721538e-001
2.315000e-001 2.152137e-001
2.320000e-001 2.352420e-001
2.325000e-001 2.319213e-001
2.330000e-001 2.084315e-001
2.335000e-001 1.711650e-001
2.340000e-001 1.287509e-001
2.345000e-001 9.050410e-002
2.350000e-001 6.458689e-002
2.355000e-001 5.628625e-002
2.360000e-001 6.682754e-002
2.365000e-001 9.305175e-002
2.370000e-001 1.280981e-001
2.375000e-001 1.629866e-001
2.380000e-001 1.887678e-001
2.385000e-001 1.987378e-001
2.390000e-001 1.901744e-001
2.395000e-001 1.651402e-001
2.400000e-001 1.301086e-001
2.405000e-001 9.445689e-002
2.410000e-001 6.815270e-002
2.415000e-001 5.918239e-002
2.420000e-001 7.135595e-002
2.425000e-001 1.030562e-001
2.430000e-001 1.472880e-001
2.435000e-001 1.930728e-001
2.440000e-001 2.279043e-001
2.445000e-001 2.407044e-001
2.450000e-001 2.245808e-001
2.455000e-001 1.787079e-001
2.460000e-001 1.088485e-001
2.465000e-001 2.634521e-002
2.470000e-001 -5.422300e-002
2.475000e-001 -1.181988e-001
2.480000e-001 -1.540964e-001
2.485000e-001 -1.561825e-001
2.490000e-001 -1.257764e-001
2.495000e-001 -7.095217e-002
2.500000e-001 -4.702322e-003
2.505000e-001 5.801879e-002
2.510000e-001 1.036836e-001
2.515000e-001 1.232254e-001
2.520000e-001 1.140102e-001
2.525000e-001 8.029685e-002
2.530000e-001 3.208730e-002
2.535000e-001 -1.734731e-002
2.540000e-001 -5.467092e-002
2.545000e-001 -6.965676e-002
2.550000e-001 -5.758587e-002
2.555000e-001 -2.031583e-002
2.560000e-001 3.421396e-002
2.565000e-001 9.390131e-002
2.570000e-001 1.453509e-001
2.575000e-001 1.770042e-001
2.580000e-001 1.817884e-001
2.585000e-001 1.586692e-001
2.590000e-001 1.127631e-001
2.595000e-001 5.401209e-002
2.600000e-001 -5.235288e-003
2.605000e-001 -5.314236e-002
2.610000e-001 -8.109847e-002
2.615000e-001 -8.559173e-002
2.620000e-001 -6.881744e-002
2.625000e-001 -3.790949e-002
2.630000e-001 -3.015563e-003
2.635000e-001 2.529096e-002
2.640000e-001 3.862125e-002
2.645000e-001 3.277072e-002
2.650000e-001 8.637041e-003
2.655000e-001 -2.814119e-002
2.660000e-001 -6.870737e-002
2.665000e-001 -1.032694e-001
2.670000e-001 -1.235596e-001
2.675000e-001 -1.248543e-001
2.680000e-001 -1.070498e-001
2.685000e-001 -7.453331e-002
2.690000e-001 -3.488931e-002
2.695000e-001 3.222473e-003
2.700000e-001 3.247150e-002
2.705000e-001 4.891641e-002
2.710000e-001 5.317429e-002
2.715000e-001 5.036239e-002
2.720000e-001 4.878394e-002
2.725000e-001 5.764160e-002
2.730000e-001 8.432557e-002
2.735000e-001 1.319512e-001
2.740000e-001 1.977988e-001
2.745000e-001 2.731186e-001
2.750000e-001 3.444589e-001
2.755000e-001 3.963176e-001
2.760000e-001 4.145849e-001
2.765000e-001 3.900272e-001
2.770000e-001 3.209997e-001
2.775000e-001 2.147030e-001
2.780000e-001 8.658689e-002
2.785000e-001 -4.210411e-002
2.790000e-001 -1.482310e-001
2.795000e-001 -2.113543e-001
2.800000e-001 -2.180729e-001
2.805000e-001 -1.651661e-001
2.810000e-001 -6.080690e-002
2.815000e-001 7.650407e-002
2.820000e-001 2.211671e-001
2.825000e-001 3.452906e-001
2.830000e-001 4.241377e-001
2.835000e-001 4.411092e-001
2.840000e-001 3.912140e-001
2.845000e-001 2.822738e-001
2.850000e-001 1.335570e-001
2.855000e-001 -2.792814e-002
2.860000e-001 -1.727555e-001
2.865000e-001 -2.749424e-001
2.870000e-001 -3.171398e-001
2.875000e-001 -2.940691e-001
2.880000e-001 -2.134758e-001
2.885000e-001 -9.439027e-002
2.890000e-001 3.694724e-002
2.895000e-001 1.526423e-001
2.900000e-001 2.290057e-001
2.905000e-001 2.514725e-001
2.910000e-001 2.175350e-001
2.915000e-001 1.370698e-001
2.920000e-001 2.999972e-002
2.925000e-001 -7.818964e-002
2.930000e-001 -1.620947e-001
2.935000e-001 -2.019670e-001
2.940000e-001 -1.880022e-001
2.945000e-001 -1.224149e-001
2.950000e-001 -1.886606e-002
2.955000e-001 1.006116e-001
2.960000e-001 2.104904e-001
2.965000e-001 2.873377e-001
2.970000e-001 3.148810e-001
2.975000e-001 2.874394e-001
2.980000e-001 2.109870e-001
2.985000e-001 1.016517e-001
2.990000e-001 -1.797869e-002
2.995000e-001 -1.238830e-001
3.000000e-001 -1.958270e-001
3.005000e-001 -2.216146e-001
3.010000e-001 -1.994494e-001
3.015000e-001 -1.379280e-001
3.020000e-001 -5.373378e-002
3.025000e-001 3.238830e-002
3.030000e-001 1.004152e-001
3.035000e-001 1.354893e-001
3.040000e-001 1.310293e-001
3.045000e-001 8.985105e-002
3.050000e-001 2.311909e-002
3.055000e-001 -5.254845e-002
3.060000e-001 -1.190855e-001
3.065000e-001 -1.611301e-001
3.070000e-001 -1.693610e-001
3.075000e-001 -1.422861e-001
3.080000e-001 -8.614159e-002
3.085000e-001 -1.301596e-002
3.090000e-001 6.227334e-002
3.095000e-001 1.257550e-001
3.100000e-001 1.674633e-001
3.105000e-001 1.834567e-001
3.110000e-001 1.762778e-001
3.115000e-001 1.538312e-001
3.120000e-001 1.270389e-001
3.125000e-001 1.069092e-001
3.130000e-001 1.017644e-001
3.135000e-001 1.152927e-001
3.140000e-001 1.458541e-001
3.145000e-001 1.871349e-001
3.150000e-001 2.299093e-001
3.155000e-001 2.644061e-001
3.160000e-001 2.826599e-001
3.165000e-001 2.802684e-001
3.170000e-001 2.571636e-001
3.175000e-001 2.172849e-001
3.180000e-001 1.673265e-001
3.185000e-001 1.149581e-001
3.190000e-001 6.702768e-002
3.195000e-001 2.821305e-002
3.200000e-001 4.360527e-004
3.205000e-001 -1.688693e-002
3.210000e-001 -2.592759e-002
3.215000e-001 -2.921195e-002
3.220000e-001 -2.849491e-002
3.225000e-001 -2.411243e-002
3.230000e-001 -1.501993e-002
3.235000e-001 5.041957e-004
3.240000e-001 2.372328e-002
3.245000e-001 5.426230e-002
3.250000e-001 8.930443e-002
3.255000e-001 1.234955e-001
3.260000e-001 1.496925e-001
3.265000e-001 1.604498e-001
3.270000e-001 1.499040e-001
3.275000e-001 1.155764e-001
3.280000e-001 5.958573e-002
3.285000e-001 -1.111507e-002
3.290000e-001 -8.564036e-002
3.295000e-001 -1.510898e-001
3.300000e-001 -1.950977e-001
3.305000e-001 -2.084470e-001
3.310000e-001 -1.871428e-001
3.315000e-001 -1.334450e-001
3.320000e-001 -5.559202e-002
3.325000e-001 3.374469e-002
3.330000e-001 1.199445e-001
3.335000e-001 1.893063e-001
3.340000e-001 2.316637e-001
3.345000e-001 2.421790e-001
3.350000e-001 2.219482e-001
3.355000e-001 1.773398e-001
3.360000e-001 1.182809e-001
3.365000e-001 5.594599e-002
3.370000e-001 4.086420e-004
3.375000e-001 -4.120228e-002
3.380000e-001 -6.566985e-002
3.385000e-001 -7.364567e-002
3.390000e-001 -6.872600e-002
3.395000e-001 -5.599071e-002
3.400000e-001 -4.045128e-002
3.405000e-001 -2.583754e-002
3.410000e-001 -1.401189e-002
3.415000e-001 -5.092522e-003
3.420000e-001 1.852605e-003
3.425000e-001 7.849858e-003
3.430000e-001 1.317375e-002
3.435000e-001 1.693454e-002
3.440000e-001 1.726825e-002
3.445000e-001 1.209113e-002
3.450000e-001 1.773685e-004
3.455000e-001 -1.781212e-002
3.460000e-001 -3.874350e-002
3.465000e-001 -5.715550e-002
3.470000e-001 -6.622554e-002
3.475000e-001 -5.939507e-002
3.480000e-001 -3.226940e-002
3.485000e-001 1.572003e-002
3.490000e-001 8.040460e-002
3.495000e-001 1.530771e-001
3.500000e-001 2.218967e-001
3.505000e-001 2.742785e-001
3.510000e-001 2.997668e-001
3.515000e-001 2.927093e-001
3.520000e-001 2.540437e-001
3.525000e-001 1.916695e-001
3.530000e-001 1.191932e-001
3.535000e-001 5.321909e-002
3.540000e-001 9.729892e-003
3.545000e-001 3.575236e-004
3.550000e-001 2.941961e-002
3.555000e-001 9.246721e-002
3.560000e-001 1.767662e-001
3.565000e-001 2.637015e-001
3.570000e-001 3.326440e-001
3.575000e-001 3.654543e-001
3.580000e-001 3.506266e-001
3.585000e-001 2.861210e-001
3.590000e-001 1.802032e-001
3.595000e-001 5.005078e-002
3.600000e-001 -8.161896e-002
3.605000e-001 -1.911903e-001
3.610000e-001 -2.590596e-001
3.615000e-001 -2.737380e-001
3.620000e-001 -2.342467e-001
3.625000e-001 -1.502785e-001
3.630000e-001 -4.009303e-002
3.635000e-001 7.338566e-002
3.640000e-001 1.674065e-001
3.645000e-001 2.241087e-001
3.650000e-001 2.340964e-001
3.655000e-001 1.981232e-001
3.660000e-001 1.265611e-001
3.665000e-001 3.682318e-002
3.670000e-001 -5.064668e-002
3.675000e-001 -1.169056e-001
3.680000e-001 -1.485642e-001
3.685000e-001 -1.404894e-001
3.690000e-001 -9.661262e-002
3.695000e-001 -2.872130e-002
3.700000e-001 4.643477e-002
3.705000e-001 1.110427e-001
3.710000e-001 1.502478e-001
3.715000e-001 1.554171e-001
3.720000e-001 1.259550e-001
3.725000e-001 6.931488e-002
3.730000e-001 -7.516071e-004
3.735000e-001 -6.729315e-002
3.740000e-001 -1.139148e-001
3.745000e-001 -1.283804e-001
3.750000e-001 -1.053096e-001
3.755000e-001 -4.741905e-002
3.760000e-001 3.492687e-002
3.765000e-001 1.257405e-001
3.770000e-001 2.065834e-001
3.775000e-001 2.602399e-001
3.780000e-001 2.741595e-001
3.785000e-001 2.429994e-001
3.790000e-001 1.697825e-001
3.795000e-001 6.546146e-002
3.800000e-001 -5.301467e-002
3.805000e-001 -1.657596e-001
3.810000e-001 -2.535549e-001
3.815000e-001 -3.013307e-001
3.820000e-001 -3.008836e-001
3.825000e-001 -2.523341e-001
3.830000e-001 -1.640664e-001
3.835000e-001 -5.116504e-002
3.840000e-001 6.735738e-002
3.845000e-001 1.720312e-001
3.850000e-001 2.464571e-001
3.855000e-001 2.802364e-001
3.860000e-001 2.707622e-001
3.865000e-001 2.235349e-001
3.870000e-001 1.509488e-001
3.875000e-001 6.978165e-002
3.880000e-001 -2.125567e-003
3.885000e-001 -4.935101e-002
3.890000e-001 -6.185401e-002
3.895000e-001 -3.683241e-002
3.900000e-001 2.089090e-002
3.905000e-001 1.000193e-001
3.910000e-001 1.852257e-001
3.915000e-001 2.603697e-001
3.920000e-001 3.118119e-001
3.925000e-001 3.311224e-001
3.930000e-001 3.166207e-001
3.935000e-001 2.734292e-001
3.940000e-001 2.120608e-001
3.945000e-001 1.458762e-001
3.950000e-001 8.800586e-002
3.955000e-001 4.844131e-002
3.960000e-001 3.195656e-002
3.965000e-001 3.732348e-002
3.970000e-001 5.797145e-002
3.975000e-001 8.390184e-002
3.980000e-001 1.043685e-001
3.985000e-001 1.106526e-001
3.990000e-001 9.824564e-002
3.995000e-001 6.790592e-002
4.000000e-001 2.533947e-002
4.005000e-001 -2.039814e-002
4.010000e-001 -5.935264e-002
4.015000e-001 -8.333281e-002
4.020000e-001 -8.808371e-002
4.025000e-001 -7.439335e-002
4.030000e-001 -4.783301e-002
4.035000e-001 -1.718502e-002
4.040000e-001 8.034684e-003
4.045000e-001 2.030442e-002
4.050000e-001 1.633278e-002
4.055000e-001 -1.826011e-003
4.060000e-001 -2.712933e-002
4.065000e-001 -4.934458e-002
4.070000e-001 -5.786695e-002
4.075000e-001 -4.484366e-002
4.080000e-001 -7.773213e-003
4.085000e-001 4.915559e-002
4.090000e-001 1.154292e-001
4.095000e-001 1.763011e-001
4.100000e-001 2.161829e-001
4.105000e-001 2.225523e-001
4.110000e-001 1.894140e-001
4.115000e-001 1.194118e-001
4.120000e-001 2.397896e-002
4.125000e-001 -7.863177e-002
4.130000e-001 -1.670802e-001
4.135000e-001 -2.216296e-001
4.140000e-001 -2.287242e-001
4.145000e-001 -1.843650e-001
4.150000e-001 -9.544548e-002
4.155000e-001 2.133937e-002
4.160000e-001 1.428297e-001
4.165000e-001 2.442760e-001
4.170000e-001 3.046685e-001
4.175000e-001 3.113135e-001
4.180000e-001 2.626109e-001
4.185000e-001 1.683937e-001
4.190000e-001 4.774966e-002
4.195000e-001 -7.517186e-002
4.200000e-001 -1.764045e-001
4.205000e-001 -2.372649e-001
4.210000e-001 -2.481570e-001
4.215000e-001 -2.102486e-001
4.220000e-001 -1.346974e-001
4.225000e-001 -3.967289e-002
4.230000e-001 5.406684e-002
4.235000e-001 1.279765e-001
4.240000e-001 1.697763e-001
4.245000e-001 1.758455e-001
4.250000e-001 1.514693e-001
4.255000e-001 1.089760e-001
4.260000e-001 6.430250e-002
4.265000e-001 3.287676e-002
4.270000e-001 2.583387e-002
4.275000e-001 4.745549e-002
4.280000e-001 9.439132e-002
4.285000e-001 1.567638e-001
4.290000e-001 2.207991e-001
4.295000e-001 2.722767e-001
4.300000e-001 2.999246e-001
4.305000e-001 2.979494e-001
4.310000e-001 2.671445e-001
4.315000e-001 2.143931e-001
4.320000e-001 1.507877e-001
4.325000e-001 8.890440e-002
4.330000e-001 3.994067e-002
4.335000e-001 1.140088e-002
4.340000e-001 5.830154e-003
4.345000e-001 2.079159e-002
4.350000e-001 4.996091e-002
4.355000e-001 8.494689e-002
4.360000e-001 1.173097e-001
4.365000e-001 1.402614e-001
4.370000e-001 1.496842e-001
4.375000e-001 1.443360e-001
4.380000e-001 1.253557e-001
4.385000e-001 9.536301e-002
4.390000e-001 5.752553e-002
4.395000e-001 1.490942e-002
4.400000e-001 -2.971804e-002
4.405000e-001 -7.366349e-002
4.410000e-001 -1.138699e-001
4.415000e-001 -1.465709e-001
4.420000e-001 -1.673276e-001
4.425000e-001 -1.716068e-001
4.430000e-001 -1.558589e-001
4.435000e-001 -1.188388e-001
4.440000e-001 -6.276199e-002
4.445000e-001 6.147575e-003
4.450000e-001 7.805496e-002
4.455000e-001 1.409649e-001
4.460000e-001 1.830358e-001
4.465000e-001 1.952873e-001
4.470000e-001 1.740447e-001
4.475000e-001 1.224446e-001
4.480000e-001 5.048711e-002
4.485000e-001 -2.655970e-002
4.490000e-001 -9.118935e-002
4.495000e-001 -1.275212e-001
4.500000e-001 -1.251280e-001
4.505000e-001 -8.189000e-002
4.510000e-001 -5.102951e-003
4.515000e-001 8.956057e-002
4.520000e-001 1.811380e-001
4.525000e-001 2.479079e-001
4.530000e-001 2.723768e-001
4.535000e-001 2.455638e-001
4.540000e-001 1.695365e-001
4.545000e-001 5.751964e-002
4.550000e-001 -6.855964e-002
4.555000e-001 -1.826182e-001
4.560000e-001 -2.600810e-001
4.565000e-001 -2.833883e-001
4.570000e-001 -2.460794e-001
4.575000e-001 -1.544812e-001
4.580000e-001 -2.656855e-002
4.585000e-001 1.117879e-001
4.590000e-001 2.323679e-001
4.595000e-001 3.107015e-001
4.600000e-001 3.313487e-001
4.605000e-001 2.911721e-001
4.610000e-001 1.998796e-001
4.615000e-001 7.774182e-002
4.620000e-001 -4.896379e-002
4.625000e-001 -1.537170e-001
4.630000e-001 -2.154076e-001
4.635000e-001 -2.226107e-001
4.640000e-001 -1.755700e-001
4.645000e-001 -8.552562e-002
4.650000e-001 2.834947e-002
4.655000e-001 1.435976e-001
4.660000e-001 2.395673e-001
4.665000e-001 3.017488e-001
4.670000e-001 3.243927e-001
4.675000e-001 3.108993e-001
4.680000e-001 2.720305e-001
4.685000e-001 2.225129e-001
4.690000e-001 1.769650e-001
4.695000e-001 1.462006e-001
4.700000e-001 1.348066e-001
4.705000e-001 1.405360e-001
4.710000e-001 1.555648e-001
4.715000e-001 1.691904e-001
4.720000e-001 1.711895e-001
4.725000e-001 1.549173e-001
4.730000e-001 1.193268e-001
4.735000e-001 6.939147e-002
4.740000e-001 1.484664e-002
4.745000e-001 -3.239368e-002
4.750000e-001 -6.144998e-002
4.755000e-001 -6.546709e-002
4.760000e-001 -4.359849e-002
4.765000e-001 -1.463309e-003
4.770000e-001 5.004840e-002
4.775000e-001 9.732790e-002
4.780000e-001 1.273235e-001
4.785000e-001 1.307275e-001
4.790000e-001 1.042891e-001
4.795000e-001 5.168977e-002
4.800000e-001 -1.722524e-002
4.805000e-001 -8.866885e-002
4.810000e-001 -1.480442e-001
4.815000e-001 -1.832400e-001
4.820000e-001 -1.873130e-001
4.825000e-001 -1.599473e-001
4.830000e-001 -1.073749e-001
4.835000e-001 -4.081921e-002
4.840000e-001 2.614298e-002
4.845000e-001 8.066301e-002
4.850000e-001 1.134268e-001
4.855000e-001 1.205577e-001
4.860000e-001 1.042170e-001
4.865000e-001 7.181498e-002
4.870000e-001 3.406583e-002
4.875000e-001 2.369530e-003
4.880000e-001 -1.386467e-002
4.885000e-001 -9.353563e-003
4.890000e-001 1.591948e-002
4.895000e-001 5.677382e-002
4.900000e-001 1.040516e-001
4.905000e-001 1.466863e-001
4.910000e-001 1.741472e-001
4.915000e-001 1.787361e-001
4.920000e-001 1.572593e-001
4.925000e-001 1.117542e-001
4.930000e-001 4.914779e-002
4.935000e-001 -2.005546e-002
4.940000e-001 -8.377846e-002
4.945000e-001 -1.306716e-001
4.950000e-001 -1.522638e-001
4.955000e-001 -1.445707e-001
4.960000e-001 -1.088682e-001
4.965000e-001 -5.149688e-002
4.970000e-001 1.726782e-002
4.975000e-001 8.507927e-002
4.980000e-001 1.397899e-001
4.985000e-001 1.717307e-001
4.990000e-001 1.755803e-001
4.995000e-001 1.514755e-001
5.000000e-001 1.051246e-001
5.005000e-001 4.685908e-002
5.010000e-001 -1.024888e-002
5.015000e-001 -5.289653e-002
5.020000e-001 -7.023028e-002
5.025000e-001 -5.618060e-002
5.030000e-001 -1.095425e-002
5.035000e-001 5.867355e-002
5.040000e-001 1.404145e-001
5.045000e-001 2.187432e-001
5.050000e-001 2.780042e-001
5.055000e-001 3.057440e-001
5.060000e-001 2.955723e-001
5.065000e-001 2.488952e-001
5.070000e-001 1.750663e-001
5.075000e-001 8.980763e-002
5.080000e-001 1.213171e-002
5.085000e-001 -3.966098e-002
5.090000e-001 -5.208188e-002
5.095000e-001 -1.974963e-002
5.100000e-001 5.290059e-002
5.105000e-001 1.519731e-001
5.110000e-001 2.565703e-001
5.115000e-001 3.429341e-001
0.000000e+000 3.894383e-001
0.000000e+000 3.813795e-001
0.000000e+000 3.144967e-001
0.000000e+000 1.963985e-001
0.000000e+000 4.549605e-002
0.000000e+000 -1.124074e-001
0.000000e+000 -2.492090e-001
0.000000e+000 -3.402171e-001
0.000000e+000 -3.692613e-001
0.000000e+000 -3.320875e-001
0.000000e+000 -2.372868e-001
0.000000e+000 -1.045392e-001
0.000000e+000 3.945878e-002
0.000000e+000 1.664988e-001
0.000000e+000 2.526102e-001
0.000000e+000 2.828132e-001
0.000000e+000 2.538759e-001
0.000000e+000 1.745270e-001
0.000000e+000 6.315335e-002
0.000000e+000 -5.643609e-002
0.000000e+000 -1.601880e-001
0.000000e+000 -2.287552e-001
0.000000e+000 -2.511531e-001
0.000000e+000 -2.263925e-001
0.000000e+000 -1.628517e-001
0.000000e+000 -7.567841e-002
0.000000e+000 1.705489e-002
0.000000e+000 9.847821e-002
0.000000e+000 1.563684e-001
0.000000e+000 1.851754e-001
0.000000e+000 1.862875e-001
0.000000e+000 1.666460e-001
0.000000e+000 1.362082e-001
0.000000e+000 1.050098e-001
0.000000e+000 8.060696e-002
0.000000e+000 6.651879e-002
0.000000e+000 6.197705e-002
0.000000e+000 6.291489e-002
0.000000e+000 6.379715e-002
0.000000e+000 5.969307e-002
0.000000e+000 4.796681e-002
0.000000e+000 2.910930e-002
0.000000e+000 6.513938e-003
0.000000e+000 -1.468498e-002
0.000000e+000 -2.931440e-002
0.000000e+000 -3.386290e-002
0.000000e+000 -2.764441e-002
0.000000e+000 -1.306505e-002
0.000000e+000 5.097700e-003
0.000000e+000 2.119257e-002
0.000000e+000 3.051752e-002
0.000000e+000 3.091630e-002
0.000000e+000 2.364206e-002
0.000000e+000 1.319372e-002
0.000000e+000 6.124124e-003
0.000000e+000 9.122334e-003
0.000000e+000 2.689970e-002
0.000000e+000 6.049098e-002
0.000000e+000 1.064920e-001
0.000000e+000 1.575070e-001
0.000000e+000 2.037603e-001
0.000000e+000 2.354863e-001
0.000000e+000 2.454888e-001
0.000000e+000 2.311781e-001
0.000000e+000 1.955133e-001
0.000000e+000 1.465454e-001
0.000000e+000 9.562384e-002
0.000000e+000 5.468850e-002
0.000000e+000 3.332219e-002
0.000000e+000 3.632603e-002
0.000000e+000 6.245777e-002
0.000000e+000 1.046850e-001
0.000000e+000 1.519124e-001
0.000000e+000 1.917565e-001
0.000000e+000 2.136614e-001
0.000000e+000 2.115464e-001
0.000000e+000 1.852950e-001
0.000000e+000 1.406922e-001
0.000000e+000 8.781971e-002
0.000000e+000 3.833385e-002
0.000000e+000 2.342850e-003
0.000000e+000 -1.427845e-002
0.000000e+000 -1.141920e-002
0.000000e+000 5.316768e-003
0.000000e+000 2.623442e-002
0.000000e+000 4.032328e-002
0.000000e+000 3.844132e-002
0.000000e+000 1.604571e-002
0.000000e+000 -2.528755e-002
0.000000e+000 -7.799088e-002
0.000000e+000 -1.302893e-001
0.000000e+000 -1.691961e-001
0.000000e+000 -1.839455e-001
0.000000e+000 -1.689532e-001
0.000000e+000 -1.255004e-001
0.000000e+000 -6.166613e-002
0.000000e+000 9.515271e-003
0.000000e+000 7.321994e-002
0.000000e+000 1.165169e-001
0.000000e+000 1.316051e-001
0.000000e+000 1.177514e-001
0.000000e+000 8.140267e-002
0.000000e+000 3.442566e-002
0.000000e+000 -9.076204e-003
0.000000e+000 -3.653517e-002
0.000000e+000 -4.027569e-002
0.000000e+000 -1.954964e-002
0.000000e+000 1.931680e-002
0.000000e+000 6.472937e-002
0.000000e+000 1.031245e-001
0.000000e+000 1.228837e-001
0.000000e+000 1.177951e-001
0.000000e+000 8.909197e-002
0.000000e+000 4.544741e-002
0.000000e+000 8.457154e-004
0.000000e+000 -2.917924e-002
0.000000e+000 -3.198453e-002
0.000000e+000 -1.755416e-003
0.000000e+000 5.815921e-002
0.000000e+000 1.352438e-001
0.000000e+000 2.102932e-001
0.000000e+000 2.618767e-001
0.000000e+000 2.717523e-001
0.000000e+000 2.298974e-001
0.000000e+000 1.378520e-001
0.000000e+000 9.432718e-003
0.000000e+000 -1.315137e-001
0.000000e+000 -2.559254e-001
0.000000e+000 -3.358756e-001
0.000000e+000 -3.510066e-001
0.000000e+000 -2.935252e-001
0.000000e+000 -1.705308e-001
0.000000e+000 -3.044054e-003
0.000000e+000 1.781297e-001
0.000000e+000 3.388332e-001
0.000000e+000 4.488533e-001
0.000000e+000 4.884420e-001
0.000000e+000 4.525754e-001
0.000000e+000 3.519804e-001
0.000000e+000 2.106935e-001
0.000000e+000 6.070962e-002
0.000000e+000 -6.506424e-002
0.000000e+000 -1.399592e-001
0.000000e+000 -1.492034e-001
0.000000e+000 -9.285431e-002
0.000000e+000 1.459154e-002
0.000000e+000 1.477498e-001
0.000000e+000 2.761884e-001
0.000000e+000 3.711990e-001
0.000000e+000 4.119710e-001
0.000000e+000 3.898271e-001
0.000000e+000 3.096604e-001
0.000000e+000 1.883681e-001
0.000000e+000 5.075745e-002
0.000000e+000 -7.606366e-002
0.000000e+000 -1.685162e-001
0.000000e+000 -2.113166e-001
0.000000e+000 -2.002124e-001
0.000000e+000 -1.422175e-001
0.000000e+000 -5.345537e-002
0.000000e+000 4.476240e-002
0.000000e+000 1.306612e-001
0.000000e+000 1.864676e-001
0.000000e+000 2.016924e-001
0.000000e+000 1.746455e-001
0.000000e+000 1.120338e-001
0.000000e+000 2.690846e-002
0.000000e+000 -6.443909e-002
0.000000e+000 -1.458871e-001
0.000000e+000 -2.044661e-001
0.000000e+000 -2.323809e-001
0.000000e+000 -2.277878e-001
0.000000e+000 -1.943631e-001
0.000000e+000 -1.399245e-001
0.000000e+000 -7.452440e-002
0.000000e+000 -8.461699e-003
0.000000e+000 4.940835e-002
0.000000e+000 9.282506e-002
0.000000e+000 1.186502e-001
0.000000e+000 1.268184e-001
0.000000e+000 1.198522e-001
0.000000e+000 1.021059e-001
0.000000e+000 7.889906e-002
0.000000e+000 5.565129e-002
0.000000e+000 3.710371e-002
0.000000e+000 2.667528e-002
0.000000e+000 2.600588e-002
0.000000e+000 3.473804e-002
0.000000e+000 5.058963e-002
0.000000e+000 6.975139e-002
0.000000e+000 8.759582e-002
0.000000e+000 9.961522e-002
0.000000e+000 1.024288e-001
0.000000e+000 9.464823e-002
0.000000e+000 7.737909e-002
0.000000e+000 5.418131e-002
0.000000e+000 3.042565e-002
0.000000e+000 1.212677e-002
0.000000e+000 4.479118e-003
0.000000e+000 1.043599e-002
0.000000e+000 2.970001e-002
0.000000e+000 5.843531e-002
0.000000e+000 8.985161e-002
0.000000e+000 1.156091e-001
0.000000e+000 1.277654e-001
0.000000e+000 1.208241e-001
0.000000e+000 9.337701e-002
0.000000e+000 4.889197e-002
0.000000e+000 -4.621528e-003
0.000000e+000 -5.607048e-002
0.000000e+000 -9.358225e-002
0.000000e+000 -1.071468e-001
0.000000e+000 -9.097546e-002
0.000000e+000 -4.499596e-002
0.000000e+000 2.490706e-002
0.000000e+000 1.080053e-001
0.000000e+000 1.909606e-001
0.000000e+000 2.606625e-001
0.000000e+000 3.069972e-001
0.000000e+000 3.248807e-001
0.000000e+000 3.150710e-001
0.000000e+000 2.835744e-001
0.000000e+000 2.398216e-001
0.000000e+000 1.941007e-001
0.000000e+000 1.549236e-001
0.000000e+000 1.270174e-001
0.000000e+000 1.104611e-001
0.000000e+000 1.011793e-001
0.000000e+000 9.263201e-002
0.000000e+000 7.821337e-002
0.000000e+000 5.366570e-002
0.000000e+000 1.879975e-002
0.000000e+000 -2.200408e-002
0.000000e+000 -6.071367e-002
0.000000e+000 -8.778486e-002
0.000000e+000 -9.496807e-002
0.000000e+000 -7.801291e-002
0.000000e+000 -3.848900e-002
0.000000e+000 1.585884e-002
0.000000e+000 7.243674e-002
0.000000e+000 1.165726e-001
0.000000e+000 1.350999e-001
0.000000e+000 1.198610e-001
0.000000e+000 7.020938e-002
0.000000e+000 -6.203592e-003
0.000000e+000 -9.466367e-002
0.000000e+000 -1.764559e-001
0.000000e+000 -2.330876e-001
0.000000e+000 -2.506791e-001
0.000000e+000 -2.234499e-001
0.000000e+000 -1.554113e-001
0.000000e+000 -5.978782e-002
0.000000e+000 4.376408e-002
0.000000e+000 1.335342e-001
0.000000e+000 1.907200e-001
0.000000e+000 2.038029e-001
0.000000e+000 1.712865e-001
0.000000e+000 1.021276e-001
0.000000e+000 1.373798e-002
0.000000e+000 -7.198723e-002
0.000000e+000 -1.336849e-001
0.000000e+000 -1.554089e-001
0.000000e+000 -1.302444e-001
0.000000e+000 -6.182770e-002
0.000000e+000 3.655686e-002
0.000000e+000 1.450457e-001
0.000000e+000 2.416789e-001
0.000000e+000 3.072284e-001
0.000000e+000 3.292586e-001
0.000000e+000 3.045248e-001
0.000000e+000 2.392391e-001
0.000000e+000 1.472590e-001
0.000000e+000 4.672828e-002
0.000000e+000 -4.396106e-002
0.000000e+000 -1.099227e-001
0.000000e+000 -1.424196e-001
0.000000e+000 -1.399010e-001
0.000000e+000 -1.073689e-001
0.000000e+000 -5.442005e-002
0.000000e+000 7.406689e-003
0.000000e+000 6.724440e-002
0.000000e+000 1.168460e-001
0.000000e+000 1.515002e-001
0.000000e+000 1.698817e-001
0.000000e+000 1.731140e-001
0.000000e+000 1.635149e-001
0.000000e+000 1.435268e-001
0.000000e+000 1.152008e-001
0.000000e+000 8.035764e-002
0.000000e+000 4.126428e-002
0.000000e+000 1.454532e-003
0.000000e+000 -3.376991e-002
0.000000e+000 -5.753985e-002
0.000000e+000 -6.247869e-002
0.000000e+000 -4.247302e-002
0.000000e+000 5.276650e-003
0.000000e+000 7.854197e-002
0.000000e+000 1.693048e-001
0.000000e+000 2.643781e-001
0.000000e+000 3.474834e-001
0.000000e+000 4.024665e-001
0.000000e+000 4.169489e-001
0.000000e+000 3.855232e-001
0.000000e+000 3.116136e-001
0.000000e+000 2.073931e-001
0.000000e+000 9.159601e-002
0.000000e+000 -1.439232e-002
0.000000e+000 -9.132269e-002
0.000000e+000 -1.266078e-001
0.000000e+000 -1.174425e-001
0.000000e+000 -7.166393e-002
0.000000e+000 -6.021366e-003
0.000000e+000 5.782978e-002
0.000000e+000 9.870742e-002
0.000000e+000 1.013559e-001
0.000000e+000 6.060000e-002
0.000000e+000 -1.690771e-002
0.000000e+000 -1.138845e-001
0.000000e+000 -2.063850e-001
0.000000e+000 -2.696430e-001
0.000000e+000 -2.843942e-001
0.000000e+000 -2.421051e-001
0.000000e+000 -1.477509e-001
0.000000e+000 -1.934721e-002
0.000000e+000 1.157724e-001
0.000000e+000 2.271367e-001
0.000000e+000 2.883424e-001
0.000000e+000 2.835495e-001
0.000000e+000 2.116613e-001
0.000000e+000 8.710535e-002
0.000000e+000 -6.306375e-002
0.000000e+000 -2.051333e-001
0.000000e+000 -3.064031e-001
0.000000e+000 -3.427561e-001
0.000000e+000 -3.043245e-001
0.000000e+000 -1.978817e-001
0.000000e+000 -4.536439e-002
0.000000e+000 1.211427e-001
0.000000e+000 2.667835e-001
0.000000e+000 3.619161e-001
0.000000e+000 3.888208e-001
0.000000e+000 3.455458e-001
0.000000e+000 2.460091e-001
0.000000e+000 1.163758e-001
0.000000e+000 -1.137534e-002
0.000000e+000 -1.071156e-001
0.000000e+000 -1.496074e-001
0.000000e+000 -1.312480e-001
0.000000e+000 -5.942775e-002
0.000000e+000 4.574869e-002
0.000000e+000 1.567356e-001
0.000000e+000 2.454607e-001
0.000000e+000 2.901572e-001
0.000000e+000 2.804484e-001
0.000000e+000 2.194935e-001
0.000000e+000 1.227569e-001
0.000000e+000 1.380299e-002
0.000000e+000 -8.174697e-002
0.000000e+000 -1.425453e-001
0.000000e+000 -1.565503e-001
0.000000e+000 -1.235511e-001
0.000000e+000 -5.463555e-002
0.000000e+000 3.115378e-002
0.000000e+000 1.120364e-001
0.000000e+000 1.691884e-001
0.000000e+000 1.914391e-001
0.000000e+000 1.777951e-001
0.000000e+000 1.372011e-001
0.000000e+000 8.568210e-002
0.000000e+000 4.168533e-002
0.000000e+000 2.089158e-002
0.000000e+000 3.187933e-002
0.000000e+000 7.378231e-002
0.000000e+000 1.365369e-001
0.000000e+000 2.036315e-001
0.000000e+000 2.566139e-001
0.000000e+000 2.801527e-001
0.000000e+000 2.663118e-001
0.000000e+000 2.169004e-001
0.000000e+000 1.432647e-001
0.000000e+000 6.354937e-002
0.000000e+000 -1.891548e-003
0.000000e+000 -3.577313e-002
0.000000e+000 -2.850550e-002
0.000000e+000 1.901955e-002
0.000000e+000 9.521004e-002
0.000000e+000 1.802184e-001
0.000000e+000 2.504835e-001
0.000000e+000 2.842889e-001
0.000000e+000 2.670108e-001
0.000000e+000 1.948000e-001
0.000000e+000 7.583036e-002
0.000000e+000 -7.118146e-002
0.000000e+000 -2.208257e-001
0.000000e+000 -3.463289e-001
0.000000e+000 -4.251373e-001
0.000000e+000 -4.435125e-001
0.000000e+000 -3.991537e-001
0.000000e+000 -3.013458e-001
0.000000e+000 -1.687033e-001
0.000000e+000 -2.511122e-002
0.000000e+000 1.051695e-001
0.000000e+000 2.021473e-001
0.000000e+000 2.535361e-001
0.000000e+000 2.563656e-001
0.000000e+000 2.165974e-001
0.000000e+000 1.470256e-001
0.000000e+000 6.408291e-002
0.000000e+000 -1.565740e-002
0.000000e+000 -7.853134e-002
0.000000e+000 -1.158237e-001
0.000000e+000 -1.245399e-001
0.000000e+000 -1.069659e-001
0.000000e+000 -6.932767e-002
0.000000e+000 -1.999567e-002
0.000000e+000 3.231014e-002
0.000000e+000 7.996362e-002
0.000000e+000 1.173441e-001
0.000000e+000 1.412043e-001
0.000000e+000 1.506144e-001
0.000000e+000 1.466560e-001
0.000000e+000 1.320196e-001
0.000000e+000 1.105882e-001
0.000000e+000 8.700898e-002
0.000000e+000 6.619932e-002
0.000000e+000 5.273174e-002
0.000000e+000 5.009511e-002
0.000000e+000 5.992012e-002
0.000000e+000 8.134371e-002
0.000000e+000 1.107323e-001
0.000000e+000 1.419618e-001
0.000000e+000 1.673415e-001
0.000000e+000 1.791073e-001
0.000000e+000 1.712280e-001
0.000000e+000 1.411246e-001
0.000000e+000 9.084605e-002
0.000000e+000 2.731666e-002
0.000000e+000 -3.855091e-002
0.000000e+000 -9.381313e-002
0.000000e+000 -1.261792e-001
0.000000e+000 -1.268454e-001
0.000000e+000 -9.280952e-002
0.000000e+000 -2.805308e-002
0.000000e+000 5.679513e-002
0.000000e+000 1.463552e-001
0.000000e+000 2.236169e-001
0.000000e+000 2.736269e-001
0.000000e+000 2.869014e-001
0.000000e+000 2.617441e-001
0.000000e+000 2.048691e-001
0.000000e+000 1.301072e-001
0.000000e+000 5.542430e-002
0.000000e+000 -1.106940e-003
0.000000e+000 -2.546732e-002
0.000000e+000 -1.101327e-002
0.000000e+000 3.983849e-002
0.000000e+000 1.159914e-001
0.000000e+000 2.000603e-001
0.000000e+000 2.722452e-001
0.000000e+000 3.148001e-001
0.000000e+000 3.160666e-001
0.000000e+000 2.731323e-001
0.000000e+000 1.925025e-001
0.000000e+000 8.863438e-002
0.000000e+000 -1.931365e-002
0.000000e+000 -1.117543e-001
0.000000e+000 -1.729690e-001
0.000000e+000 -1.944506e-001
0.000000e+000 -1.765452e-001
0.000000e+000 -1.280633e-001
0.000000e+000 -6.400678e-002
0.000000e+000 -1.991071e-003
0.000000e+000 4.178130e-002
0.000000e+000 5.606607e-002
0.000000e+000 3.686394e-002
0.000000e+000 -1.199884e-002
0.000000e+000 -8.003598e-002
0.000000e+000 -1.526439e-001
0.000000e+000 -2.143710e-001
0.000000e+000 -2.521376e-001
0.000000e+000 -2.577125e-001
0.000000e+000 -2.289748e-001
0.000000e+000 -1.698197e-001
0.000000e+000 -8.888434e-002
0.000000e+000 2.477929e-003
0.000000e+000 9.243336e-002
0.000000e+000 1.706079e-001
0.000000e+000 2.293772e-001
0.000000e+000 2.643816e-001
0.000000e+000 2.743597e-001
0.000000e+000 2.605569e-001
0.000000e+000 2.260122e-001
0.000000e+000 1.749847e-001
0.000000e+000 1.126415e-001
0.000000e+000 4.496861e-002
0.000000e+000 -2.125794e-002
0.000000e+000 -7.866627e-002
0.000000e+000 -1.198267e-001
0.000000e+000 -1.381873e-001
0.000000e+000 -1.292901e-001
0.000000e+000 -9.199766e-002
0.000000e+000 -2.936717e-002
0.000000e+000 5.117238e-002
0.000000e+000 1.385449e-001
0.000000e+000 2.196537e-001
0.000000e+000 2.816550e-001
0.000000e+000 3.144245e-001
0.000000e+000 3.126586e-001
0.000000e+000 2.770921e-001
0.000000e+000 2.144876e-001
0.000000e+000 1.363381e-001
0.000000e+000 5.653167e-002
0.000000e+000 -1.150928e-002
0.000000e+000 -5.755421e-002
0.000000e+000 -7.652080e-002
0.000000e+000 -6.920480e-002
0.000000e+000 -4.162791e-002
0.000000e+000 -3.196135e-003
0.000000e+000 3.584549e-002
0.000000e+000 6.699766e-002
0.000000e+000 8.547236e-002
0.000000e+000 9.104890e-002
0.000000e+000 8.763661e-002
0.000000e+000 8.170816e-002
0.000000e+000 8.007647e-002
0.000000e+000 8.765827e-002
0.000000e+000 1.058714e-001
0.000000e+000 1.321249e-001
0.000000e+000 1.605529e-001
0.000000e+000 1.837826e-001
0.000000e+000 1.952247e-001
0.000000e+000 1.912102e-001
0.000000e+000 1.723210e-001
0.000000e+000 1.434825e-001
0.000000e+000 1.127238e-001
0.000000e+000 8.890466e-002
0.000000e+000 7.901996e-002
0.000000e+000 8.585371e-002
0.000000e+000 1.066953e-001
0.000000e+000 1.335751e-001
0.000000e+000 1.550681e-001
0.000000e+000 1.592772e-001
0.000000e+000 1.372487e-001
0.000000e+000 8.589537e-002
0.000000e+000 9.583771e-003
0.000000e+000 -8.016507e-002
0.000000e+000 -1.669243e-001
0.000000e+000 -2.331129e-001
0.000000e+000 -2.643654e-001
0.000000e+000 -2.534165e-001
0.000000e+000 -2.024499e-001
0.000000e+000 -1.232042e-001
0.000000e+000 -3.465992e-002
0.000000e+000 4.125178e-002
0.000000e+000 8.494076e-002
0.000000e+000 8.417384e-002
0.000000e+000 3.753340e-002
0.000000e+000 -4.462904e-002
0.000000e+000 -1.421082e-001
0.000000e+000 -2.292933e-001
0.000000e+000 -2.811663e-001
0.000000e+000 -2.794424e-001
0.000000e+000 -2.173534e-001
0.000000e+000 -1.018520e-001
0.000000e+000 4.739105e-002
0.000000e+000 2.020680e-001
0.000000e+000 3.315043e-001
0.000000e+000 4.096743e-001
0.000000e+000 4.212988e-001
0.000000e+000 3.655467e-001
0.000000e+000 2.564033e-001
0.000000e+000 1.195603e-001
0.000000e+000 -1.348538e-002
0.000000e+000 -1.127538e-001
0.000000e+000 -1.567911e-001
0.000000e+000 -1.376876e-001
0.000000e+000 -6.288426e-002
0.000000e+000 4.669102e-002
0.000000e+000 1.617384e-001
0.000000e+000 2.517437e-001
0.000000e+000 2.924730e-001
0.000000e+000 2.720004e-001
0.000000e+000 1.938038e-001
0.000000e+000 7.616049e-002
0.000000e+000 -5.204870e-002
0.000000e+000 -1.581562e-001
0.000000e+000 -2.135427e-001
0.000000e+000 -2.006379e-001
0.000000e+000 -1.174215e-001
0.000000e+000 2.165608e-002
0.000000e+000 1.885788e-001
0.000000e+000 3.478447e-001
0.000000e+000 4.643297e-001
0.000000e+000 5.111409e-001
0.000000e+000 4.756665e-001
0.000000e+000 3.624668e-001
0.000000e+000 1.923748e-001
0.000000e+000 -1.948144e-003
0.000000e+000 -1.829659e-001
0.000000e+000 -3.161482e-001
0.000000e+000 -3.770292e-001
0.000000e+000 -3.559248e-001
0.000000e+000 -2.593684e-001
0.000000e+000 -1.080782e-001
0.000000e+000 6.794439e-002
0.000000e+000 2.359815e-001
0.000000e+000 3.673227e-001
0.000000e+000 4.426792e-001
0.000000e+000 4.552099e-001
0.000000e+000 4.106770e-001
0.000000e+000 3.249310e-001
0.000000e+000 2.194962e-001
0.000000e+000 1.164137e-001
0.000000e+000 3.355356e-002
0.000000e+000 -1.859759e-002
0.000000e+000 -3.810302e-002
0.000000e+000 -3.065776e-002
0.000000e+000 -7.042997e-003
0.000000e+000 2.024689e-002
0.000000e+000 4.029417e-002
0.000000e+000 4.616544e-002
0.000000e+000 3.595135e-002
0.000000e+000 1.235122e-002
0.000000e+000 -1.889817e-002
0.000000e+000 -5.117654e-002
0.000000e+000 -7.904722e-002
0.000000e+000 -9.965792e-002
0.000000e+000 -1.131385e-001
0.000000e+000 -1.219745e-001
0.000000e+000 -1.296358e-001
0.000000e+000 -1.389458e-001
0.000000e+000 -1.507269e-001
0.000000e+000 -1.631602e-001
0.000000e+000 -1.720687e-001
0.000000e+000 -1.720532e-001
0.000000e+000 -1.581569e-001
0.000000e+000 -1.275690e-001
0.000000e+000 -8.086047e-002
0.000000e+000 -2.236457e-002
0.000000e+000 4.045473e-002
0.000000e+000 9.852425e-002
0.000000e+000 1.432095e-001
0.000000e+000 1.683681e-001
0.000000e+000 1.718775e-001
0.000000e+000 1.562304e-001
0.000000e+000 1.280214e-001
0.000000e+000 9.643102e-002
0.000000e+000 7.106447e-002
0.000000e+000 5.966712e-002
0.000000e+000 6.627125e-002
0.000000e+000 9.022364e-002
0.000000e+000 1.263245e-001
0.000000e+000 1.660419e-001
0.000000e+000 1.995041e-001
0.000000e+000 2.177933e-001
0.000000e+000 2.150017e-001
0.000000e+000 1.895776e-001
0.000000e+000 1.446731e-001
0.000000e+000 8.744276e-002
0.000000e+000 2.749338e-002
0.000000e+000 -2.513371e-002
0.000000e+000 -6.197251e-002
0.000000e+000 -7.769173e-002
0.000000e+000 -7.089147e-002
0.000000e+000 -4.402411e-002
0.000000e+000 -2.536172e-003
0.000000e+000 4.649847e-002
0.000000e+000 9.589067e-002
0.000000e+000 1.396354e-001
0.000000e+000 1.737268e-001
0.000000e+000 1.963745e-001
0.000000e+000 2.076707e-001
0.000000e+000 2.088934e-001
0.000000e+000 2.017117e-001
0.000000e+000 1.875490e-001
0.000000e+000 1.672887e-001
0.000000e+000 1.413800e-001
0.000000e+000 1.102678e-001
0.000000e+000 7.496805e-002
0.000000e+000 3.755276e-002
0.000000e+000 1.343269e-003
0.000000e+000 -2.931835e-002
0.000000e+000 -4.971504e-002
0.000000e+000 -5.569265e-002
0.000000e+000 -4.466366e-002
0.000000e+000 -1.641344e-002
0.000000e+000 2.651914e-002
0.000000e+000 7.902514e-002
0.000000e+000 1.341690e-001
0.000000e+000 1.843554e-001
0.000000e+000 2.226680e-001
0.000000e+000 2.440845e-001
0.000000e+000 2.462917e-001
0.000000e+000 2.299221e-001
0.000000e+000 1.981674e-001
0.000000e+000 1.558738e-001
0.000000e+000 1.083543e-001
0.000000e+000 6.021482e-002
0.000000e+000 1.448791e-002
0.000000e+000 -2.771629e-002
0.000000e+000 -6.696330e-002
0.000000e+000 -1.047341e-001
0.000000e+000 -1.423709e-001
0.000000e+000 -1.800358e-001
0.000000e+000 -2.159982e-001
0.000000e+000 -2.464965e-001
0.000000e+000 -2.662751e-001
0.000000e+000 -2.697261e-001
0.000000e+000 -2.523967e-001
0.000000e+000 -2.124996e-001
0.000000e+000 -1.520244e-001
0.000000e+000 -7.710908e-002
0.000000e+000 2.525941e-003
0.000000e+000 7.507148e-002
0.000000e+000 1.288160e-001
0.000000e+000 1.546022e-001
0.000000e+000 1.480278e-001
0.000000e+000 1.108629e-001
0.000000e+000 5.129267e-002
0.000000e+000 -1.719027e-002
0.000000e+000 -7.812673e-002
0.000000e+000 -1.152745e-001
0.000000e+000 -1.160230e-001
0.000000e+000 -7.432937e-002
0.000000e+000 7.484511e-003
0.000000e+000 1.185391e-001
0.000000e+000 2.409674e-001
0.000000e+000 3.530354e-001
0.000000e+000 4.332675e-001
0.000000e+000 4.647766e-001
0.000000e+000 4.389132e-001
0.000000e+000 3.574349e-001
0.000000e+000 2.326762e-001
0.000000e+000 8.558240e-002
0.000000e+000 -5.808524e-002
0.000000e+000 -1.726606e-001
0.000000e+000 -2.376339e-001
0.000000e+000 -2.418196e-001
0.000000e+000 -1.857416e-001
0.000000e+000 -8.168440e-002
0.000000e+000 4.865757e-002
0.000000e+000 1.785063e-001
0.000000e+000 2.814401e-001
0.000000e+000 3.368304e-001
0.000000e+000 3.341326e-001
0.000000e+000 2.751123e-001
0.000000e+000 1.735037e-001
0.000000e+000 5.214126e-002
0.000000e+000 -6.185383e-002
0.000000e+000 -1.428308e-001
0.000000e+000 -1.720878e-001
0.000000e+000 -1.419045e-001
0.000000e+000 -5.725531e-002
0.000000e+000 6.516971e-002
0.000000e+000 2.004396e-001
0.000000e+000 3.206062e-001
0.000000e+000 4.005660e-001
0.000000e+000 4.233016e-001
0.000000e+000 3.833897e-001
0.000000e+000 2.880420e-001
0.000000e+000 1.554832e-001
0.000000e+000 1.105198e-002
0.000000e+000 -1.181098e-001
0.000000e+000 -2.086118e-001
0.000000e+000 -2.454293e-001
0.000000e+000 -2.246166e-001
0.000000e+000 -1.536021e-001
0.000000e+000 -4.909287e-002
0.000000e+000 6.686020e-002
0.000000e+000 1.717022e-001
0.000000e+000 2.470167e-001
0.000000e+000 2.819613e-001
0.000000e+000 2.748040e-001
0.000000e+000 2.323315e-001
0.000000e+000 1.673967e-001
0.000000e+000 9.529264e-002
0.000000e+000 2.988174e-002
0.000000e+000 -1.958206e-002
0.000000e+000 -5.021067e-002
0.000000e+000 -6.546299e-002
0.000000e+000 -7.345308e-002
0.000000e+000 -8.408853e-002
0.000000e+000 -1.058220e-001
0.000000e+000 -1.428707e-001
0.000000e+000 -1.936230e-001
0.000000e+000 -2.506372e-001
0.000000e+000 -3.022313e-001
0.000000e+000 -3.352705e-001
0.000000e+000 -3.384530e-001
0.000000e+000 -3.052828e-001
0.000000e+000 -2.359927e-001
0.000000e+000 -1.379352e-001
0.000000e+000 -2.433600e-002
0.000000e+000 8.831631e-002
0.000000e+000 1.836348e-001
0.000000e+000 2.486877e-001
0.000000e+000 2.765763e-001
0.000000e+000 2.676713e-001
0.000000e+000 2.292561e-001
0.000000e+000 1.736995e-001
0.000000e+000 1.156101e-001
0.000000e+000 6.864205e-002
0.000000e+000 4.267652e-002
0.000000e+000 4.198829e-002
0.000000e+000 6.475627e-002
0.000000e+000 1.039543e-001
0.000000e+000 1.493385e-001
0.000000e+000 1.900148e-001
0.000000e+000 2.169600e-001
0.000000e+000 2.249206e-001
0.000000e+000 2.132900e-001
0.000000e+000 1.858278e-001
0.000000e+000 1.493668e-001
0.000000e+000 1.118853e-001
0.000000e+000 8.045482e-002
0.000000e+000 5.957057e-002
0.000000e+000 5.025696e-002
0.000000e+000 5.013046e-002
0.000000e+000 5.435853e-002
0.000000e+000 5.723604e-002
0.000000e+000 5.395782e-002
0.000000e+000 4.212864e-002
0.000000e+000 2.262500e-002
0.000000e+000 -4.107542e-004
0.000000e+000 -2.045312e-002
0.000000e+000 -3.015219e-002
0.000000e+000 -2.320420e-002
0.000000e+000 3.902413e-003
0.000000e+000 5.067904e-002
0.000000e+000 1.122658e-001
0.000000e+000 1.800133e-001
0.000000e+000 2.429305e-001
0.000000e+000 2.897207e-001
0.000000e+000 3.110040e-001
0.000000e+000 3.012770e-001
0.000000e+000 2.602013e-001
0.000000e+000 1.929449e-001
0.000000e+000 1.094754e-001
0.000000e+000 2.291158e-002
0.000000e+000 -5.278021e-002
0.000000e+000 -1.053239e-001
0.000000e+000 -1.264313e-001
0.000000e+000 -1.134179e-001
0.000000e+000 -6.981156e-002
0.000000e+000 -4.808351e-003
0.000000e+000 6.835268e-002
0.000000e+000 1.348248e-001
0.000000e+000 1.809575e-001
0.000000e+000 1.969414e-001
0.000000e+000 1.787822e-001
0.000000e+000 1.291915e-001
0.000000e+000 5.718325e-002
0.000000e+000 -2.359438e-002
0.000000e+000 -9.750988e-002
0.000000e+000 -1.500916e-001
0.000000e+000 -1.710507e-001
0.000000e+000 -1.565648e-001
0.000000e+000 -1.103278e-001
0.000000e+000 -4.309490e-002
0.000000e+000 2.925209e-002
0.000000e+000 8.878739e-002
0.000000e+000 1.191911e-001
0.000000e+000 1.092439e-001
0.000000e+000 5.544509e-002
0.000000e+000 -3.681611e-002
0.000000e+000 -1.538259e-001
0.000000e+000 -2.757951e-001
0.000000e+000 -3.803896e-001
0.000000e+000 -4.468693e-001
0.000000e+000 -4.600253e-001
0.000000e+000 -4.131358e-001
0.000000e+000 -3.093494e-001
0.000000e+000 -1.612223e-001
0.000000e+000 1.148829e-002
0.000000e+000 1.853310e-001
0.000000e+000 3.372583e-001
0.000000e+000 4.485202e-001
0.000000e+000 5.076108e-001
0.000000e+000 5.117529e-001
0.000000e+000 4.667192e-001
0.000000e+000 3.851352e-001
0.000000e+000 2.837023e-001
0.000000e+000 1.799660e-001
0.000000e+000 8.929062e-002
0.000000e+000 2.259608e-002
0.000000e+000 -1.479815e-002
0.000000e+000 -2.315198e-002
0.000000e+000 -7.285371e-003
0.000000e+000 2.507591e-002
0.000000e+000 6.514634e-002
0.000000e+000 1.047169e-001
0.000000e+000 1.372990e-001
0.000000e+000 1.586744e-001
0.000000e+000 1.669062e-001
0.000000e+000 1.619937e-001
0.000000e+000 1.453874e-001
0.000000e+000 1.195493e-001
0.000000e+000 8.765262e-002
0.000000e+000 5.340676e-002
0.000000e+000 2.091209e-002
0.000000e+000 -5.582731e-003
0.000000e+000 -2.211009e-002
0.000000e+000 -2.560229e-002
0.000000e+000 -1.459282e-002
0.000000e+000 1.019430e-002
0.000000e+000 4.559509e-002
0.000000e+000 8.627325e-002
0.000000e+000 1.255647e-001
0.000000e+000 1.567885e-001
0.000000e+000 1.747548e-001
0.000000e+000 1.770927e-001
0.000000e+000 1.650082e-001
0.000000e+000 1.431904e-001
0.000000e+000 1.187831e-001
0.000000e+000 9.958810e-002
0.000000e+000 9.190775e-002
0.000000e+000 9.857960e-002
0.000000e+000 1.177661e-001
0.000000e+000 1.429231e-001
0.000000e+000 1.640882e-001
0.000000e+000 1.702883e-001
0.000000e+000 1.525367e-001
0.000000e+000 1.066772e-001
0.000000e+000 3.529198e-002
0.000000e+000 -5.193607e-002
0.000000e+000 -1.396749e-001
0.000000e+000 -2.100218e-001
0.000000e+000 -2.465862e-001
0.000000e+000 -2.386392e-001
0.000000e+000 -1.842887e-001
0.000000e+000 -9.180528e-002
0.000000e+000 2.138177e-002
0.000000e+000 1.319541e-001
0.000000e+000 2.156060e-001
0.000000e+000 2.525014e-001
0.000000e+000 2.320041e-001
0.000000e+000 1.555113e-001
0.000000e+000 3.661285e-002
0.000000e+000 -1.015771e-001
0.000000e+000 -2.313921e-001
0.000000e+000 -3.267872e-001
0.000000e+000 -3.692724e-001
0.000000e+000 -3.521798e-001
0.000000e+000 -2.821972e-001
0.000000e+000 -1.777390e-001
0.000000e+000 -6.449168e-002
0.000000e+000 3.083863e-002
0.000000e+000 8.707274e-002
0.000000e+000 9.380150e-002
0.000000e+000 5.401303e-002
0.000000e+000 -1.657957e-002
0.000000e+000 -9.339838e-002
0.000000e+000 -1.491315e-001
0.000000e+000 -1.606493e-001
0.000000e+000 -1.149973e-001
0.000000e+000 -1.296608e-002
0.000000e+000 1.306803e-001
0.000000e+000 2.904076e-001
0.000000e+000 4.357968e-001
0.000000e+000 5.386647e-001
0.000000e+000 5.796770e-001
0.000000e+000 5.528060e-001
0.000000e+000 4.665369e-001
0.000000e+000 3.415276e-001
0.000000e+000 2.053338e-001
0.000000e+000 8.553995e-002
0.000000e+000 3.059164e-003
0.000000e+000 -3.268919e-002
0.000000e+000 -2.549738e-002
0.000000e+000 9.439576e-003
0.000000e+000 5.036200e-002
0.000000e+000 7.551159e-002
0.000000e+000 6.965934e-002
0.000000e+000 2.881611e-002
0.000000e+000 -3.819466e-002
0.000000e+000 -1.118084e-001
0.000000e+000 -1.669734e-001
0.000000e+000 -1.802609e-001
0.000000e+000 -1.369591e-001
0.000000e+000 -3.622534e-002
0.000000e+000 1.072022e-001
0.000000e+000 2.653736e-001
0.000000e+000 4.031760e-001
0.000000e+000 4.866962e-001
0.000000e+000 4.918565e-001
0.000000e+000 4.111403e-001
0.000000e+000 2.566119e-001
0.000000e+000 5.828791e-002
0.000000e+000 -1.419454e-001
0.000000e+000 -2.995680e-001
0.000000e+000 -3.776988e-001
0.000000e+000 -3.559594e-001
0.000000e+000 -2.357666e-001
0.000000e+000 -4.068968e-002
0.000000e+000 1.883228e-001
0.000000e+000 4.018266e-001
0.000000e+000 5.528556e-001
0.000000e+000 6.074504e-001
0.000000e+000 5.522838e-001
0.000000e+000 3.976111e-001
0.000000e+000 1.748564e-001
0.000000e+000 -7.057350e-002
0.000000e+000 -2.895436e-001
0.000000e+000 -4.401126e-001
0.000000e+000 -4.965759e-001
0.000000e+000 -4.545840e-001
0.000000e+000 -3.312357e-001
0.000000e+000 -1.602721e-001
0.000000e+000 1.636608e-002
0.000000e+000 1.585088e-001
0.000000e+000 2.368599e-001
0.000000e+000 2.391115e-001
0.000000e+000 1.717431e-001
0.000000e+000 5.725697e-002
0.000000e+000 -7.227606e-002
0.000000e+000 -1.836300e-001
0.000000e+000 -2.506568e-001
0.000000e+000 -2.603233e-001
0.000000e+000 -2.151663e-001
0.000000e+000 -1.317219e-001
0.000000e+000 -3.550441e-002
0.000000e+000 4.605005e-002
0.000000e+000 9.080862e-002
