0.000000e+000 4.027372e+000
1.000000e+000 4.450890e+000
2.000000e+000 4.280043e+000
3.000000e+000 3.544099e+000
4.000000e+000 2.386176e+000
5.000000e+000 1.035949e+000
6.000000e+000 3.298821e-001
7.000000e+000 1.296537e+000
8.000000e+000 1.841664e+000
9.000000e+000 1.875365e+000
1.000000e+001 1.451541e+000
1.100000e+001 7.255959e-001
1.200000e+001 2.187653e-001
1.300000e+001 8.842750e-001
1.400000e+001 1.332034e+000
1.500000e+001 1.415991e+000
1.600000e+001 1.139830e+000
1.700000e+001 6.037668e-001
1.800000e+001 1.880139e-001
1.900000e+001 7.043462e-001
2.000000e+001 1.089179e+000
2.100000e+001 1.182272e+000
2.200000e+001 9.721373e-001
2.300000e+001 5.343316e-001
2.400000e+001 1.755985e-001
2.500000e+001 5.996063e-001
2.600000e+001 9.415105e-001
2.700000e+001 1.035650e+000
2.800000e+001 8.640344e-001
2.900000e+001 4.882750e-001
3.000000e+001 1.694683e-001
3.100000e+001 5.296130e-001
3.200000e+001 8.400873e-001
3.300000e+001 9.330829e-001
3.400000e+001 7.872137e-001
3.500000e+001 4.550295e-001
3.600000e+001 1.660276e-001
3.700000e+001 4.788610e-001
3.800000e+001 7.651028e-001
3.900000e+001 8.563457e-001
4.000000e+001 7.291691e-001
4.100000e+001 4.296865e-001
4.200000e+001 1.639158e-001
4.300000e+001 4.400154e-001
4.400000e+001 7.068579e-001
4.500000e+001 7.962447e-001
4.600000e+001 6.834154e-001
4.700000e+001 4.096138e-001
4.800000e+001 1.625351e-001
4.900000e+001 4.091358e-001
5.000000e+001 6.600182e-001
5.100000e+001 7.476605e-001
5.200000e+001 6.463417e-001
5.300000e+001 3.934541e-001
5.400000e+001 1.614996e-001
5.500000e+001 3.831602e-001
5.600000e+001 6.201128e-001
5.700000e+001 7.054018e-001
5.800000e+001 6.124659e-001
5.900000e+001 3.757559e-001
6.000000e+001 1.624338e-001
6.100000e+001 3.738879e-001
6.200000e+001 6.056252e-001
6.300000e+001 6.978284e-001
6.400000e+001 6.238088e-001
6.500000e+001 4.126292e-001
6.600000e+001 1.654278e-001
6.700000e+001 2.417042e-001
6.800000e+001 4.179050e-001
6.900000e+001 4.589218e-001
7.000000e+001 3.444591e-001
7.100000e+001 2.208719e-001
7.200000e+001 4.759520e-001
7.300000e+001 8.590757e-001
7.400000e+001 1.192669e+000
7.500000e+001 1.404590e+000
7.600000e+001 1.468208e+000
7.700000e+001 1.400486e+000
7.800000e+001 1.255737e+000
7.900000e+001 1.111261e+000
8.000000e+001 1.043528e+000
8.100000e+001 1.094813e+000
8.200000e+001 1.255853e+000
8.300000e+001 1.481831e+000
8.400000e+001 1.708061e+000
8.500000e+001 1.858618e+000
8.600000e+001 1.861792e+000
8.700000e+001 1.669773e+000
8.800000e+001 1.274348e+000
8.900000e+001 7.150853e-001
9.000000e+001 1.591131e-001
9.100000e+001 6.384431e-001
9.200000e+001 1.180787e+000
9.300000e+001 1.542550e+000
9.400000e+001 1.673765e+000
9.500000e+001 1.572906e+000
9.600000e+001 1.281538e+000
9.700000e+001 8.729039e-001
9.800000e+001 4.390475e-001
9.900000e+001 1.619844e-001
1.000000e+002 3.543970e-001
1.010000e+002 5.394711e-001
1.020000e+002 6.329903e-001
1.030000e+002 6.649671e-001
1.040000e+002 6.757045e-001
1.050000e+002 6.859765e-001
1.060000e+002 6.860680e-001
1.070000e+002 6.493654e-001
1.080000e+002 5.505951e-001
1.090000e+002 3.763058e-001
1.100000e+002 1.455502e-001
1.110000e+002 2.372578e-001
1.120000e+002 5.651090e-001
1.130000e+002 8.697178e-001
1.140000e+002 1.078937e+000
1.150000e+002 1.134501e+000
1.160000e+002 1.002629e+000
1.170000e+002 6.895215e-001
1.180000e+002 2.862926e-001
1.190000e+002 4.244488e-001
1.200000e+002 8.958825e-001
1.210000e+002 1.254820e+000
1.220000e+002 1.397256e+000
1.230000e+002 1.279265e+000
1.240000e+002 9.151746e-001
1.250000e+002 3.911703e-001
1.260000e+002 3.464807e-001
1.270000e+002 8.861523e-001
1.280000e+002 1.283484e+000
1.290000e+002 1.427833e+000
1.300000e+002 1.285185e+000
1.310000e+002 8.858436e-001
1.320000e+002 3.241913e-001
1.330000e+002 3.443400e-001
1.340000e+002 8.805977e-001
1.350000e+002 1.235949e+000
1.360000e+002 1.333256e+000
1.370000e+002 1.160332e+000
1.380000e+002 7.643544e-001
1.390000e+002 2.394691e-001
1.400000e+002 2.957991e-001
1.410000e+002 7.238854e-001
1.420000e+002 9.553808e-001
1.430000e+002 9.459429e-001
1.440000e+002 7.039884e-001
1.450000e+002 2.858604e-001
1.460000e+002 2.199273e-001
1.470000e+002 7.124744e-001
1.480000e+002 1.103939e+000
1.490000e+002 1.336121e+000
1.500000e+002 1.391702e+000
1.510000e+002 1.294660e+000
1.520000e+002 1.100951e+000
1.530000e+002 8.810368e-001
1.540000e+002 6.966392e-001
1.550000e+002 5.814902e-001
1.560000e+002 5.529816e-001
1.570000e+002 6.380897e-001
1.580000e+002 8.365476e-001
1.590000e+002 1.098322e+000
1.600000e+002 1.360802e+000
1.610000e+002 1.571576e+000
1.620000e+002 1.694726e+000
1.630000e+002 1.711564e+000
1.640000e+002 1.618035e+000
1.650000e+002 1.420531e+000
1.660000e+002 1.132473e+000
1.670000e+002 7.732496e-001
1.680000e+002 3.704421e-001
1.690000e+002 9.639170e-002
1.700000e+002 4.635804e-001
1.710000e+002 7.979096e-001
1.720000e+002 1.039858e+000
1.730000e+002 1.167556e+000
1.740000e+002 1.177076e+000
1.750000e+002 1.082853e+000
1.760000e+002 9.145477e-001
1.770000e+002 7.099603e-001
1.780000e+002 5.051823e-001
1.790000e+002 3.243796e-001
1.800000e+002 1.749134e-001
1.810000e+002 6.677832e-002
1.820000e+002 1.055677e-001
1.830000e+002 1.937590e-001
1.840000e+002 2.551785e-001
1.850000e+002 2.886274e-001
1.860000e+002 3.388315e-001
1.870000e+002 4.659376e-001
1.880000e+002 6.603855e-001
1.890000e+002 8.581622e-001
1.900000e+002 9.877813e-001
1.910000e+002 9.886011e-001
1.920000e+002 8.233636e-001
1.930000e+002 4.890675e-001
1.940000e+002 6.367747e-002
1.950000e+002 5.280321e-001
1.960000e+002 1.036724e+000
1.970000e+002 1.420544e+000
1.980000e+002 1.595161e+000
1.990000e+002 1.512248e+000
2.000000e+002 1.172863e+000
2.010000e+002 6.371737e-001
2.020000e+002 2.232217e-001
2.030000e+002 7.577894e-001
2.040000e+002 1.276606e+000
2.050000e+002 1.576532e+000
2.060000e+002 1.597336e+000
2.070000e+002 1.340907e+000
2.080000e+002 8.689023e-001
2.090000e+002 3.166930e-001
2.100000e+002 4.042359e-001
2.110000e+002 8.513193e-001
2.120000e+002 1.114364e+000
2.130000e+002 1.136565e+000
2.140000e+002 9.319518e-001
2.150000e+002 5.668815e-001
2.160000e+002 1.755702e-001
2.170000e+002 3.386505e-001
2.180000e+002 6.256471e-001
2.190000e+002 7.645089e-001
2.200000e+002 7.446585e-001
2.210000e+002 6.040290e-001
2.220000e+002 4.089076e-001
2.230000e+002 2.389031e-001
2.240000e+002 1.991476e-001
2.250000e+002 3.219686e-001
2.260000e+002 5.317782e-001
2.270000e+002 7.838380e-001
2.280000e+002 1.019872e+000
2.290000e+002 1.174197e+000
2.300000e+002 1.198411e+000
2.310000e+002 1.079883e+000
2.320000e+002 8.487356e-001
2.330000e+002 5.709466e-001
2.340000e+002 3.271538e-001
2.350000e+002 1.938869e-001
2.360000e+002 2.903363e-001
2.370000e+002 6.154196e-001
2.380000e+002 1.089744e+000
2.390000e+002 1.620854e+000
2.400000e+002 2.087736e+000
2.410000e+002 2.367068e+000
2.420000e+002 2.364923e+000
2.430000e+002 2.042673e+000
2.440000e+002 1.431114e+000
2.450000e+002 6.345659e-001
2.460000e+002 3.153716e-001
2.470000e+002 1.035600e+000
2.480000e+002 1.548882e+000
2.490000e+002 1.735748e+000
2.500000e+002 1.578591e+000
2.510000e+002 1.138225e+000
2.520000e+002 5.394326e-001
2.530000e+002 1.016657e-001
2.540000e+002 5.307056e-001
2.550000e+002 7.220718e-001
2.560000e+002 6.105219e-001
2.570000e+002 2.698933e-001
2.580000e+002 4.470088e-001
2.590000e+002 1.020326e+000
2.600000e+002 1.481385e+000
2.610000e+002 1.679370e+000
2.620000e+002 1.537889e+000
2.630000e+002 1.060919e+000
2.640000e+002 3.415739e-001
2.650000e+002 5.476390e-001
2.660000e+002 1.337770e+000
2.670000e+002 1.923634e+000
2.680000e+002 2.186266e+000
2.690000e+002 2.080322e+000
2.700000e+002 1.637812e+000
2.710000e+002 9.583083e-001
2.720000e+002 1.957818e-001
2.730000e+002 5.536560e-001
2.740000e+002 1.093480e+000
2.750000e+002 1.377789e+000
2.760000e+002 1.390195e+000
2.770000e+002 1.176472e+000
2.780000e+002 8.280642e-001
2.790000e+002 4.631100e-001
2.800000e+002 2.360345e-001
2.810000e+002 2.531714e-001
2.820000e+002 2.761336e-001
2.830000e+002 2.170440e-001
2.840000e+002 1.443670e-001
2.850000e+002 1.687684e-001
2.860000e+002 2.204208e-001
2.870000e+002 2.452961e-001
2.880000e+002 3.139373e-001
2.890000e+002 4.758444e-001
2.900000e+002 6.649947e-001
2.910000e+002 7.970253e-001
2.920000e+002 8.119047e-001
2.930000e+002 6.848631e-001
2.940000e+002 4.310268e-001
2.950000e+002 1.031436e-001
2.960000e+002 2.350672e-001
2.970000e+002 4.932946e-001
2.980000e+002 6.161779e-001
2.990000e+002 5.728334e-001
3.000000e+002 3.713483e-001
3.010000e+002 6.689259e-002
3.020000e+002 3.215186e-001
3.030000e+002 6.675320e-001
3.040000e+002 9.357271e-001
3.050000e+002 1.095213e+000
3.060000e+002 1.150238e+000
3.070000e+002 1.135628e+000
3.080000e+002 1.101579e+000
3.090000e+002 1.090628e+000
3.100000e+002 1.120329e+000
3.110000e+002 1.184941e+000
3.120000e+002 1.265206e+000
3.130000e+002 1.330886e+000
3.140000e+002 1.342967e+000
3.150000e+002 1.264973e+000
3.160000e+002 1.078941e+000
3.170000e+002 7.971442e-001
3.180000e+002 4.638315e-001
3.190000e+002 1.459246e-001
3.200000e+002 8.744131e-002
3.210000e+002 1.908402e-001
3.220000e+002 2.180727e-001
3.230000e+002 3.860325e-001
3.240000e+002 7.108718e-001
3.250000e+002 1.050056e+000
3.260000e+002 1.277405e+000
3.270000e+002 1.293053e+000
3.280000e+002 1.042096e+000
3.290000e+002 5.370525e-001
3.300000e+002 2.803398e-001
3.310000e+002 1.033009e+000
3.320000e+002 1.763388e+000
3.330000e+002 2.288540e+000
3.340000e+002 2.496222e+000
3.350000e+002 2.336938e+000
3.360000e+002 1.834499e+000
3.370000e+002 1.082147e+000
3.380000e+002 2.328218e-001
3.390000e+002 6.006017e-001
3.400000e+002 1.210896e+000
3.410000e+002 1.528824e+000
3.420000e+002 1.521720e+000
3.430000e+002 1.230644e+000
3.440000e+002 7.594681e-001
3.450000e+002 2.776209e-001
3.460000e+002 3.112769e-001
3.470000e+002 5.392153e-001
3.480000e+002 5.505337e-001
3.490000e+002 3.369512e-001
3.500000e+002 6.361596e-002
3.510000e+002 4.697287e-001
3.520000e+002 8.263620e-001
3.530000e+002 1.014094e+000
3.540000e+002 9.742048e-001
3.550000e+002 7.057841e-001
3.560000e+002 2.730132e-001
3.570000e+002 3.013156e-001
3.580000e+002 7.851344e-001
3.590000e+002 1.144162e+000
3.600000e+002 1.298973e+000
3.610000e+002 1.226889e+000
3.620000e+002 9.584472e-001
3.630000e+002 5.721089e-001
3.640000e+002 2.364483e-001
3.650000e+002 3.792416e-001
3.660000e+002 6.230133e-001
3.670000e+002 7.440389e-001
3.680000e+002 7.389636e-001
3.690000e+002 6.507281e-001
3.700000e+002 5.360718e-001
3.710000e+002 4.385109e-001
3.720000e+002 3.864787e-001
3.730000e+002 4.240859e-001
3.740000e+002 5.667054e-001
3.750000e+002 7.494909e-001
3.760000e+002 8.869283e-001
3.770000e+002 9.102936e-001
3.780000e+002 7.826675e-001
3.790000e+002 5.097635e-001
3.800000e+002 1.570552e-001
3.810000e+002 2.853358e-001
3.820000e+002 5.888439e-001
3.830000e+002 7.252923e-001
3.840000e+002 6.261922e-001
3.850000e+002 2.744551e-001
3.860000e+002 2.926108e-001
3.870000e+002 9.884602e-001
3.880000e+002 1.694108e+000
3.890000e+002 2.281971e+000
3.900000e+002 2.642590e+000
3.910000e+002 2.707838e+000
3.920000e+002 2.465472e+000
3.930000e+002 1.962070e+000
3.940000e+002 1.294059e+000
3.950000e+002 5.928035e-001
3.960000e+002 1.795964e-001
3.970000e+002 5.315748e-001
3.980000e+002 7.173538e-001
3.990000e+002 6.582355e-001
4.000000e+002 4.111881e-001
4.010000e+002 2.240863e-001
4.020000e+002 5.016538e-001
4.030000e+002 7.920845e-001
4.040000e+002 9.219013e-001
4.050000e+002 8.447615e-001
4.060000e+002 5.755057e-001
4.070000e+002 2.342599e-001
4.080000e+002 4.377786e-001
4.090000e+002 8.659394e-001
4.100000e+002 1.191899e+000
4.110000e+002 1.342614e+000
4.120000e+002 1.298097e+000
4.130000e+002 1.082805e+000
4.140000e+002 7.568669e-001
4.150000e+002 4.023121e-001
4.160000e+002 1.268921e-001
4.170000e+002 1.685640e-001
4.180000e+002 2.350714e-001
4.190000e+002 2.160472e-001
4.200000e+002 2.221869e-001
4.210000e+002 3.267363e-001
4.220000e+002 4.226207e-001
4.230000e+002 4.203274e-001
4.240000e+002 2.983907e-001
4.250000e+002 2.483105e-001
4.260000e+002 5.710199e-001
4.270000e+002 9.988984e-001
4.280000e+002 1.380614e+000
4.290000e+002 1.619626e+000
4.300000e+002 1.648643e+000
4.310000e+002 1.439438e+000
4.320000e+002 1.009007e+000
4.330000e+002 4.172139e-001
4.340000e+002 2.456190e-001
4.350000e+002 8.717245e-001
4.360000e+002 1.362754e+000
4.370000e+002 1.643311e+000
4.380000e+002 1.676224e+000
4.390000e+002 1.468298e+000
4.400000e+002 1.068291e+000
4.410000e+002 5.634940e-001
4.420000e+002 2.169347e-001
4.430000e+002 5.690292e-001
4.440000e+002 9.172216e-001
4.450000e+002 1.106923e+000
4.460000e+002 1.122441e+000
4.470000e+002 9.862238e-001
4.480000e+002 7.462612e-001
4.490000e+002 4.648317e-001
4.500000e+002 2.087533e-001
4.510000e+002 7.734574e-002
4.520000e+002 1.263932e-001
4.530000e+002 1.621267e-001
4.540000e+002 2.693370e-001
4.550000e+002 4.871240e-001
4.560000e+002 7.520877e-001
4.570000e+002 9.990634e-001
4.580000e+002 1.173058e+000
4.590000e+002 1.234704e+000
4.600000e+002 1.166754e+000
4.610000e+002 9.778494e-001
4.620000e+002 7.019900e-001
4.630000e+002 3.947462e-001
4.640000e+002 1.437697e-001
4.650000e+002 1.629984e-001
4.660000e+002 2.320465e-001
4.670000e+002 2.163654e-001
4.680000e+002 2.922904e-001
4.690000e+002 5.863124e-001
4.700000e+002 9.783947e-001
4.710000e+002 1.375308e+000
4.720000e+002 1.705398e+000
4.730000e+002 1.913224e+000
4.740000e+002 1.964477e+000
4.750000e+002 1.848803e+000
4.760000e+002 1.579067e+000
4.770000e+002 1.187604e+000
4.780000e+002 7.228805e-001
4.790000e+002 2.753494e-001
4.800000e+002 3.606093e-001
4.810000e+002 7.468790e-001
4.820000e+002 1.054316e+000
4.830000e+002 1.236691e+000
4.840000e+002 1.280601e+000
4.850000e+002 1.192813e+000
4.860000e+002 9.989790e-001
4.870000e+002 7.410653e-001
4.880000e+002 4.744649e-001
4.890000e+002 2.722607e-001
4.900000e+002 2.172325e-001
4.910000e+002 2.389836e-001
4.920000e+002 2.147318e-001
4.930000e+002 1.233161e-001
4.940000e+002 5.838238e-002
4.950000e+002 2.077881e-001
4.960000e+002 3.615534e-001
4.970000e+002 4.792094e-001
4.980000e+002 5.447198e-001
4.990000e+002 5.528325e-001
5.000000e+002 5.050833e-001
5.010000e+002 4.078855e-001
5.020000e+002 2.823843e-001
5.030000e+002 2.246731e-001
5.040000e+002 3.656943e-001
5.050000e+002 5.952722e-001
5.060000e+002 8.226850e-001
5.070000e+002 1.001022e+000
5.080000e+002 1.097921e+000
5.090000e+002 1.095513e+000
5.100000e+002 9.928115e-001
5.110000e+002 8.055737e-001
5.120000e+002 5.640438e-001
5.130000e+002 3.181944e-001
5.140000e+002 2.173835e-001
5.150000e+002 3.809254e-001
5.160000e+002 5.877404e-001
5.170000e+002 7.627372e-001
5.180000e+002 8.840428e-001
5.190000e+002 9.361061e-001
5.200000e+002 9.069132e-001
5.210000e+002 7.919300e-001
5.220000e+002 5.981483e-001
5.230000e+002 3.460774e-001
5.240000e+002 9.349065e-002
5.250000e+002 2.598997e-001
5.260000e+002 5.241949e-001
5.270000e+002 7.534156e-001
5.280000e+002 9.362494e-001
5.290000e+002 1.070441e+000
5.300000e+002 1.154803e+000
5.310000e+002 1.185879e+000
5.320000e+002 1.159712e+000
5.330000e+002 1.077447e+000
5.340000e+002 9.506444e-001
5.350000e+002 8.028750e-001
5.360000e+002 6.643329e-001
5.370000e+002 5.578088e-001
5.380000e+002 4.825848e-001
5.390000e+002 4.189634e-001
5.400000e+002 3.573838e-001
5.410000e+002 3.209352e-001
5.420000e+002 3.464090e-001
5.430000e+002 4.243132e-001
5.440000e+002 5.151730e-001
5.450000e+002 5.993233e-001
5.460000e+002 6.822072e-001
5.470000e+002 7.790617e-001
5.480000e+002 8.947290e-001
5.490000e+002 1.015506e+000
5.500000e+002 1.117589e+000
5.510000e+002 1.179551e+000
5.520000e+002 1.188659e+000
5.530000e+002 1.140880e+000
5.540000e+002 1.037231e+000
5.550000e+002 8.804949e-001
5.560000e+002 6.752589e-001
5.570000e+002 4.322508e-001
5.580000e+002 1.847349e-001
5.590000e+002 1.774750e-001
5.600000e+002 3.923137e-001
5.610000e+002 5.673243e-001
5.620000e+002 6.655692e-001
5.630000e+002 6.826353e-001
5.640000e+002 6.378139e-001
5.650000e+002 5.721865e-001
5.660000e+002 5.366060e-001
5.670000e+002 5.602989e-001
5.680000e+002 6.337698e-001
5.690000e+002 7.371412e-001
5.700000e+002 8.560792e-001
5.710000e+002 9.678571e-001
5.720000e+002 1.032840e+000
5.730000e+002 1.003752e+000
5.740000e+002 8.433363e-001
5.750000e+002 5.419319e-001
5.760000e+002 1.694750e-001
5.770000e+002 4.424508e-001
5.780000e+002 9.270453e-001
5.790000e+002 1.323010e+000
5.800000e+002 1.542037e+000
5.810000e+002 1.529707e+000
5.820000e+002 1.274750e+000
5.830000e+002 8.150804e-001
5.840000e+002 2.430240e-001
5.850000e+002 3.917497e-001
5.860000e+002 8.795142e-001
5.870000e+002 1.162420e+000
5.880000e+002 1.170086e+000
5.890000e+002 8.908569e-001
5.900000e+002 3.795567e-001
5.910000e+002 3.259129e-001
5.920000e+002 9.822057e-001
5.930000e+002 1.517000e+000
5.940000e+002 1.798872e+000
5.950000e+002 1.753183e+000
5.960000e+002 1.370936e+000
5.970000e+002 7.187649e-001
5.980000e+002 2.554303e-001
5.990000e+002 1.010796e+000
6.000000e+002 1.696316e+000
6.010000e+002 2.103387e+000
6.020000e+002 2.144289e+000
6.030000e+002 1.804246e+000
6.040000e+002 1.143645e+000
6.050000e+002 3.235190e-001
6.060000e+002 7.107343e-001
6.070000e+002 1.519233e+000
6.080000e+002 2.103727e+000
6.090000e+002 2.374791e+000
6.100000e+002 2.317575e+000
6.110000e+002 1.984024e+000
6.120000e+002 1.477796e+000
6.130000e+002 9.299909e-001
6.140000e+002 4.756028e-001
6.150000e+002 2.476790e-001
6.160000e+002 2.478662e-001
6.170000e+002 3.271685e-001
6.180000e+002 5.200604e-001
6.190000e+002 7.770637e-001
6.200000e+002 9.881201e-001
6.210000e+002 1.068084e+000
6.220000e+002 9.782086e-001
6.230000e+002 7.326058e-001
6.240000e+002 3.930961e-001
6.250000e+002 6.394678e-002
6.260000e+002 2.094127e-001
6.270000e+002 2.967930e-001
6.280000e+002 2.345186e-001
6.290000e+002 3.352637e-001
6.300000e+002 7.379630e-001
6.310000e+002 1.197978e+000
6.320000e+002 1.570100e+000
6.330000e+002 1.748503e+000
6.340000e+002 1.671866e+000
6.350000e+002 1.335461e+000
6.360000e+002 7.923161e-001
6.370000e+002 1.435314e-001
6.380000e+002 5.018988e-001
6.390000e+002 1.014148e+000
6.400000e+002 1.316815e+000
6.410000e+002 1.377564e+000
6.420000e+002 1.221658e+000
6.430000e+002 9.246787e-001
6.440000e+002 5.960016e-001
6.450000e+002 3.585536e-001
6.460000e+002 2.838527e-001
6.470000e+002 3.032957e-001
6.480000e+002 4.211475e-001
6.490000e+002 6.564451e-001
6.500000e+002 9.150843e-001
6.510000e+002 1.086005e+000
6.520000e+002 1.086547e+000
6.530000e+002 8.800769e-001
6.540000e+002 4.847655e-001
6.550000e+002 7.926641e-002
6.560000e+002 5.898557e-001
6.570000e+002 1.047356e+000
6.580000e+002 1.329732e+000
6.590000e+002 1.385856e+000
6.600000e+002 1.218336e+000
6.610000e+002 8.828732e-001
6.620000e+002 4.787262e-001
6.630000e+002 1.829668e-001
6.640000e+002 2.803603e-001
6.650000e+002 3.545751e-001
6.660000e+002 2.599316e-001
6.670000e+002 5.826898e-002
6.680000e+002 2.879062e-001
6.690000e+002 5.505047e-001
6.700000e+002 6.936142e-001
6.710000e+002 6.615536e-001
6.720000e+002 4.480384e-001
6.730000e+002 1.007053e-001
6.740000e+002 3.109804e-001
6.750000e+002 6.661960e-001
6.760000e+002 8.790232e-001
6.770000e+002 8.874126e-001
6.780000e+002 6.790262e-001
6.790000e+002 2.950836e-001
6.800000e+002 1.808345e-001
6.810000e+002 6.376939e-001
6.820000e+002 9.730658e-001
6.830000e+002 1.112353e+000
6.840000e+002 1.030613e+000
6.850000e+002 7.602510e-001
6.860000e+002 3.899444e-001
6.870000e+002 1.582613e-001
6.880000e+002 3.442013e-001
6.890000e+002 4.117156e-001
6.900000e+002 2.519511e-001
6.910000e+002 1.934769e-001
6.920000e+002 7.304663e-001
6.930000e+002 1.341234e+000
6.940000e+002 1.889492e+000
6.950000e+002 2.266131e+000
6.960000e+002 2.399102e+000
6.970000e+002 2.266778e+000
6.980000e+002 1.900281e+000
6.990000e+002 1.374125e+000
7.000000e+002 7.903051e-001
7.010000e+002 2.853619e-001
7.020000e+002 3.144206e-001
7.030000e+002 5.652798e-001
7.040000e+002 6.738589e-001
7.050000e+002 6.397492e-001
7.060000e+002 5.014052e-001
7.070000e+002 3.098661e-001
7.080000e+002 1.599575e-001
7.090000e+002 2.618290e-001
7.100000e+002 4.627281e-001
7.110000e+002 6.566594e-001
7.120000e+002 8.258908e-001
7.130000e+002 9.645010e-001
7.140000e+002 1.065685e+000
7.150000e+002 1.112519e+000
7.160000e+002 1.074477e+000
7.170000e+002 9.154564e-001
7.180000e+002 6.136280e-001
7.190000e+002 2.363203e-001
7.200000e+002 5.180330e-001
7.210000e+002 1.120223e+000
7.220000e+002 1.684152e+000
7.230000e+002 2.091606e+000
7.240000e+002 2.254646e+000
7.250000e+002 2.128303e+000
7.260000e+002 1.723535e+000
7.270000e+002 1.109347e+000
7.280000e+002 4.067183e-001
7.290000e+002 3.107751e-001
7.300000e+002 8.071612e-001
7.310000e+002 1.061103e+000
7.320000e+002 1.030864e+000
7.330000e+002 7.519640e-001
7.340000e+002 3.280437e-001
7.350000e+002 2.071782e-001
7.360000e+002 5.318809e-001
7.370000e+002 6.613621e-001
7.380000e+002 5.203534e-001
7.390000e+002 1.248282e-001
7.400000e+002 4.548656e-001
7.410000e+002 1.073376e+000
7.420000e+002 1.588939e+000
7.430000e+002 1.870908e+000
7.440000e+002 1.838919e+000
7.450000e+002 1.483460e+000
7.460000e+002 8.718491e-001
7.470000e+002 1.964880e-001
7.480000e+002 6.587899e-001
7.490000e+002 1.213387e+000
7.500000e+002 1.491216e+000
7.510000e+002 1.438463e+000
7.520000e+002 1.082932e+000
7.530000e+002 5.319600e-001
7.540000e+002 2.595223e-001
7.550000e+002 7.536649e-001
7.560000e+002 1.109044e+000
7.570000e+002 1.196628e+000
7.580000e+002 1.010676e+000
7.590000e+002 6.238688e-001
7.600000e+002 2.363809e-001
7.610000e+002 4.305371e-001
7.620000e+002 6.903684e-001
7.630000e+002 7.174909e-001
7.640000e+002 4.808194e-001
7.650000e+002 1.581183e-001
7.660000e+002 6.479763e-001
7.670000e+002 1.248492e+000
7.680000e+002 1.730094e+000
7.690000e+002 1.991556e+000
7.700000e+002 1.988838e+000
7.710000e+002 1.740387e+000
7.720000e+002 1.320090e+000
7.730000e+002 8.371757e-001
7.740000e+002 4.071866e-001
7.750000e+002 1.182323e-001
7.760000e+002 7.594425e-002
7.770000e+002 2.652663e-001
7.780000e+002 5.802791e-001
7.790000e+002 9.543861e-001
7.800000e+002 1.283771e+000
7.810000e+002 1.472451e+000
7.820000e+002 1.457962e+000
7.830000e+002 1.226448e+000
7.840000e+002 8.170180e-001
7.850000e+002 3.326061e-001
7.860000e+002 3.260064e-001
7.870000e+002 7.262083e-001
7.880000e+002 9.871352e-001
7.890000e+002 1.044040e+000
7.900000e+002 8.983179e-001
7.910000e+002 5.956136e-001
7.920000e+002 2.238618e-001
7.930000e+002 2.392371e-001
7.940000e+002 5.444442e-001
7.950000e+002 7.360437e-001
7.960000e+002 7.772290e-001
7.970000e+002 6.732940e-001
7.980000e+002 4.563298e-001
7.990000e+002 1.739272e-001
8.000000e+002 1.247223e-001
8.010000e+002 3.967320e-001
8.020000e+002 6.200197e-001
8.030000e+002 7.925681e-001
8.040000e+002 9.304828e-001
8.050000e+002 1.054728e+000
8.060000e+002 1.173405e+000
8.070000e+002 1.271610e+000
8.080000e+002 1.316420e+000
8.090000e+002 1.270547e+000
8.100000e+002 1.105640e+000
8.110000e+002 8.119554e-001
8.120000e+002 4.083063e-001
8.130000e+002 1.835949e-001
8.140000e+002 6.668724e-001
8.150000e+002 1.162951e+000
8.160000e+002 1.568190e+000
8.170000e+002 1.826215e+000
8.180000e+002 1.902607e+000
8.190000e+002 1.789086e+000
8.200000e+002 1.504605e+000
8.210000e+002 1.092234e+000
8.220000e+002 6.120356e-001
8.230000e+002 1.327247e-001
8.240000e+002 2.894334e-001
8.250000e+002 5.944826e-001
8.260000e+002 7.574612e-001
8.270000e+002 7.726445e-001
8.280000e+002 6.584504e-001
8.290000e+002 4.537975e-001
8.300000e+002 2.210704e-001
8.310000e+002 1.612878e-001
8.320000e+002 3.310042e-001
8.330000e+002 4.689618e-001
8.340000e+002 5.343056e-001
8.350000e+002 5.284973e-001
8.360000e+002 4.674565e-001
8.370000e+002 3.744945e-001
8.380000e+002 2.786502e-001
8.390000e+002 2.160864e-001
8.400000e+002 2.051948e-001
8.410000e+002 2.045895e-001
8.420000e+002 1.673647e-001
8.430000e+002 1.582159e-001
8.440000e+002 3.618671e-001
8.450000e+002 7.047894e-001
8.460000e+002 1.109439e+000
8.470000e+002 1.507172e+000
8.480000e+002 1.824162e+000
8.490000e+002 1.993337e+000
8.500000e+002 1.970064e+000
8.510000e+002 1.745001e+000
8.520000e+002 1.350213e+000
8.530000e+002 8.567610e-001
8.540000e+002 3.691504e-001
8.550000e+002 1.617517e-001
8.560000e+002 3.395584e-001
8.570000e+002 3.498609e-001
8.580000e+002 1.756850e-001
8.590000e+002 2.885055e-001
8.600000e+002 7.143536e-001
8.610000e+002 1.112569e+000
8.620000e+002 1.361921e+000
8.630000e+002 1.382792e+000
8.640000e+002 1.147073e+000
8.650000e+002 6.858818e-001
8.660000e+002 1.048381e-001
8.670000e+002 5.599902e-001
8.680000e+002 1.087436e+000
8.690000e+002 1.408541e+000
8.700000e+002 1.460382e+000
8.710000e+002 1.240791e+000
8.720000e+002 8.100793e-001
8.730000e+002 3.026564e-001
8.740000e+002 3.578712e-001
8.750000e+002 7.339388e-001
8.760000e+002 9.146694e-001
8.770000e+002 8.476820e-001
8.780000e+002 5.595475e-001
8.790000e+002 1.905658e-001
8.800000e+002 4.532104e-001
8.810000e+002 8.712627e-001
8.820000e+002 1.147555e+000
8.830000e+002 1.224814e+000
8.840000e+002 1.105635e+000
8.850000e+002 8.426498e-001
8.860000e+002 5.244645e-001
8.870000e+002 2.630742e-001
8.880000e+002 1.746372e-001
8.890000e+002 1.595339e-001
8.900000e+002 9.383553e-002
8.910000e+002 1.892284e-001
8.920000e+002 3.742103e-001
8.930000e+002 4.905768e-001
8.940000e+002 4.595173e-001
8.950000e+002 2.430655e-001
8.960000e+002 1.522794e-001
8.970000e+002 6.653897e-001
8.980000e+002 1.210222e+000
8.990000e+002 1.682304e+000
9.000000e+002 1.987718e+000
9.010000e+002 2.063631e+000
9.020000e+002 1.891623e+000
9.030000e+002 1.501002e+000
9.040000e+002 9.622964e-001
9.050000e+002 3.861923e-001
9.060000e+002 3.062442e-001
9.070000e+002 7.307262e-001
9.080000e+002 1.030553e+000
9.090000e+002 1.162438e+000
9.100000e+002 1.138397e+000
9.110000e+002 9.939126e-001
9.120000e+002 7.745557e-001
9.130000e+002 5.261784e-001
9.140000e+002 2.935000e-001
9.150000e+002 1.677497e-001
9.160000e+002 2.830204e-001
9.170000e+002 4.932116e-001
9.180000e+002 7.481856e-001
9.190000e+002 1.036458e+000
9.200000e+002 1.323051e+000
9.210000e+002 1.552861e+000
9.220000e+002 1.667426e+000
9.230000e+002 1.624172e+000
9.240000e+002 1.412372e+000
9.250000e+002 1.062268e+000
9.260000e+002 6.462008e-001
9.270000e+002 2.875304e-001
9.280000e+002 2.228898e-001
9.290000e+002 2.710111e-001
9.300000e+002 1.645260e-001
9.310000e+002 2.943848e-001
9.320000e+002 7.762831e-001
9.330000e+002 1.314162e+000
9.340000e+002 1.767603e+000
9.350000e+002 2.018799e+000
9.360000e+002 1.991132e+000
9.370000e+002 1.668175e+000
9.380000e+002 1.101027e+000
9.390000e+002 4.157837e-001
9.400000e+002 4.030063e-001
9.410000e+002 9.582510e-001
9.420000e+002 1.292981e+000
9.430000e+002 1.333557e+000
9.440000e+002 1.093744e+000
9.450000e+002 6.591212e-001
9.460000e+002 2.374175e-001
9.470000e+002 4.476889e-001
9.480000e+002 7.275937e-001
9.490000e+002 7.826041e-001
9.500000e+002 5.946507e-001
9.510000e+002 2.538631e-001
9.520000e+002 3.654972e-001
9.530000e+002 7.915595e-001
9.540000e+002 1.096230e+000
9.550000e+002 1.189358e+000
9.560000e+002 1.054963e+000
9.570000e+002 7.426681e-001
9.580000e+002 3.687786e-001
9.590000e+002 2.419796e-001
9.600000e+002 4.195372e-001
9.610000e+002 4.709162e-001
9.620000e+002 3.346454e-001
9.630000e+002 1.594042e-001
9.640000e+002 4.262304e-001
9.650000e+002 7.493818e-001
9.660000e+002 9.362632e-001
9.670000e+002 9.159580e-001
9.680000e+002 6.825886e-001
9.690000e+002 3.135933e-001
9.700000e+002 3.049591e-001
9.710000e+002 6.920496e-001
9.720000e+002 9.591565e-001
9.730000e+002 1.014500e+000
9.740000e+002 8.536008e-001
9.750000e+002 5.450741e-001
9.760000e+002 2.538783e-001
9.770000e+002 2.811469e-001
9.780000e+002 3.387941e-001
9.790000e+002 1.651542e-001
9.800000e+002 2.608992e-001
9.810000e+002 8.652028e-001
9.820000e+002 1.510908e+000
9.830000e+002 2.032083e+000
9.840000e+002 2.275066e+000
9.850000e+002 2.139168e+000
9.860000e+002 1.606298e+000
9.870000e+002 7.580590e-001
9.880000e+002 3.700368e-001
9.890000e+002 1.335904e+000
9.900000e+002 2.111063e+000
9.910000e+002 2.497108e+000
9.920000e+002 2.409416e+000
9.930000e+002 1.865840e+000
9.940000e+002 9.859129e-001
9.950000e+002 2.368969e-001
9.960000e+002 1.115989e+000
9.970000e+002 1.868600e+000
9.980000e+002 2.258421e+000
9.990000e+002 2.243957e+000
1.000000e+003 1.883198e+000
1.001000e+003 1.312508e+000
1.002000e+003 7.092893e-001
1.003000e+003 2.444792e-001
1.004000e+003 8.333480e-002
1.005000e+003 2.588964e-001
1.006000e+003 6.638630e-001
1.007000e+003 1.223877e+000
1.008000e+003 1.773847e+000
1.009000e+003 2.143924e+000
1.010000e+003 2.206764e+000
1.011000e+003 1.910742e+000
1.012000e+003 1.296177e+000
1.013000e+003 4.997541e-001
1.014000e+003 4.309970e-001
1.015000e+003 1.090175e+000
1.016000e+003 1.460460e+000
1.017000e+003 1.441059e+000
1.018000e+003 1.042529e+000
1.019000e+003 3.899971e-001
1.020000e+003 5.086086e-001
1.021000e+003 1.209472e+000
1.022000e+003 1.672398e+000
1.023000e+003 1.763021e+000
1.024000e+003 1.447108e+000
1.025000e+003 7.889434e-001
1.026000e+003 1.989472e-001
1.027000e+003 1.025118e+000
1.028000e+003 1.764478e+000
1.029000e+003 2.200131e+000
1.030000e+003 2.251152e+000
1.031000e+003 1.923881e+000
1.032000e+003 1.304748e+000
1.033000e+003 5.369820e-001
1.034000e+003 2.165859e-001
1.035000e+003 8.016917e-001
1.036000e+003 1.120083e+000
1.037000e+003 1.135350e+000
1.038000e+003 8.805249e-001
1.039000e+003 4.440835e-001
1.040000e+003 7.554682e-002
1.041000e+003 5.120124e-001
1.042000e+003 8.170625e-001
1.043000e+003 9.331592e-001
1.044000e+003 8.642808e-001
1.045000e+003 6.584677e-001
1.046000e+003 3.951599e-001
1.047000e+003 1.990377e-001
1.048000e+003 2.396404e-001
1.049000e+003 3.381054e-001
1.050000e+003 3.869744e-001
1.051000e+003 4.137056e-001
1.052000e+003 4.676563e-001
1.053000e+003 5.670272e-001
1.054000e+003 6.957185e-001
1.055000e+003 8.308476e-001
1.056000e+003 9.492832e-001
1.057000e+003 1.023993e+000
1.058000e+003 1.027567e+000
1.059000e+003 9.424666e-001
1.060000e+003 7.710962e-001
1.061000e+003 5.389721e-001
1.062000e+003 2.899505e-001
1.063000e+003 7.375041e-002
1.064000e+003 7.788248e-002
1.065000e+003 1.609288e-001
1.066000e+003 2.376342e-001
1.067000e+003 3.621011e-001
1.068000e+003 5.039026e-001
1.069000e+003 5.951999e-001
1.070000e+003 5.804798e-001
1.071000e+003 4.405758e-001
1.072000e+003 2.430454e-001
1.073000e+003 3.406706e-001
1.074000e+003 6.467410e-001
1.075000e+003 8.855870e-001
1.076000e+003 9.531890e-001
1.077000e+003 7.984636e-001
1.078000e+003 4.344225e-001
1.079000e+003 3.060949e-001
1.080000e+003 9.230884e-001
1.081000e+003 1.590579e+000
1.082000e+003 2.148399e+000
1.083000e+003 2.503102e+000
1.084000e+003 2.605489e+000
1.085000e+003 2.455740e+000
1.086000e+003 2.100538e+000
1.087000e+003 1.620199e+000
1.088000e+003 1.110269e+000
1.089000e+003 6.620505e-001
1.090000e+003 3.502759e-001
1.091000e+003 2.178320e-001
1.092000e+003 1.932360e-001
1.093000e+003 1.860860e-001
1.094000e+003 2.199593e-001
1.095000e+003 2.989620e-001
1.096000e+003 3.860429e-001
1.097000e+003 4.604399e-001
1.098000e+003 5.143295e-001
1.099000e+003 5.370108e-001
1.100000e+003 5.119417e-001
1.101000e+003 4.284362e-001
1.102000e+003 3.020732e-001
1.103000e+003 2.167512e-001
1.104000e+003 2.849786e-001
1.105000e+003 3.907365e-001
1.106000e+003 4.207893e-001
1.107000e+003 3.416534e-001
1.108000e+003 2.221688e-001
1.109000e+003 3.652154e-001
1.110000e+003 6.883664e-001
1.111000e+003 9.980090e-001
1.112000e+003 1.204186e+000
1.113000e+003 1.252436e+000
1.114000e+003 1.124570e+000
1.115000e+003 8.413832e-001
1.116000e+003 4.580209e-001
1.117000e+003 6.551363e-002
1.118000e+003 3.130459e-001
1.119000e+003 5.494421e-001
1.120000e+003 6.349478e-001
1.121000e+003 5.709125e-001
1.122000e+003 3.939584e-001
1.123000e+003 1.654228e-001
1.124000e+003 6.268866e-002
1.125000e+003 2.010925e-001
1.126000e+003 2.464141e-001
1.127000e+003 2.162882e-001
1.128000e+003 2.281900e-001
1.129000e+003 3.637331e-001
1.130000e+003 5.217177e-001
1.131000e+003 6.217381e-001
1.132000e+003 6.282422e-001
1.133000e+003 5.407561e-001
1.134000e+003 3.893804e-001
1.135000e+003 2.301909e-001
1.136000e+003 1.608702e-001
1.137000e+003 2.371894e-001
1.138000e+003 3.825093e-001
1.139000e+003 5.892473e-001
1.140000e+003 8.423228e-001
1.141000e+003 1.089526e+000
1.142000e+003 1.263397e+000
1.143000e+003 1.304710e+000
1.144000e+003 1.179474e+000
1.145000e+003 8.890604e-001
1.146000e+003 4.721459e-001
1.147000e+003 6.339384e-002
1.148000e+003 4.738300e-001
1.149000e+003 8.278393e-001
1.150000e+003 1.018871e+000
1.151000e+003 1.014870e+000
1.152000e+003 8.205670e-001
1.153000e+003 4.747720e-001
1.154000e+003 7.377648e-002
1.155000e+003 4.357701e-001
1.156000e+003 8.504754e-001
1.157000e+003 1.175690e+000
1.158000e+003 1.386405e+000
1.159000e+003 1.482117e+000
1.160000e+003 1.479987e+000
1.161000e+003 1.405439e+000
1.162000e+003 1.284353e+000
1.163000e+003 1.140394e+000
1.164000e+003 9.979214e-001
1.165000e+003 8.847953e-001
1.166000e+003 8.257133e-001
1.167000e+003 8.249474e-001
1.168000e+003 8.613023e-001
1.169000e+003 9.065100e-001
1.170000e+003 9.396148e-001
1.171000e+003 9.438506e-001
1.172000e+003 8.982379e-001
1.173000e+003 7.764969e-001
1.174000e+003 5.576816e-001
1.175000e+003 2.658675e-001
1.176000e+003 3.377944e-001
1.177000e+003 8.058024e-001
1.178000e+003 1.297847e+000
1.179000e+003 1.707831e+000
1.180000e+003 1.951223e+000
1.181000e+003 1.965047e+000
1.182000e+003 1.721672e+000
1.183000e+003 1.239359e+000
1.184000e+003 5.876096e-001
1.185000e+003 2.144779e-001
1.186000e+003 8.550338e-001
1.187000e+003 1.354944e+000
1.188000e+003 1.583678e+000
1.189000e+003 1.489711e+000
1.190000e+003 1.085188e+000
1.191000e+003 4.595410e-001
1.192000e+003 4.082102e-001
1.193000e+003 1.120543e+000
1.194000e+003 1.687444e+000
1.195000e+003 1.973034e+000
1.196000e+003 1.918641e+000
1.197000e+003 1.536605e+000
1.198000e+003 9.095175e-001
1.199000e+003 2.434734e-001
1.200000e+003 6.526402e-001
1.201000e+003 1.213922e+000
1.202000e+003 1.527765e+000
1.203000e+003 1.546482e+000
1.204000e+003 1.296933e+000
1.205000e+003 8.649523e-001
1.206000e+003 3.747387e-001
1.207000e+003 1.028958e-001
1.208000e+003 3.384688e-001
1.209000e+003 3.865683e-001
1.210000e+003 2.637171e-001
1.211000e+003 2.980177e-001
1.212000e+003 6.336919e-001
1.213000e+003 9.610628e-001
1.214000e+003 1.149162e+000
1.215000e+003 1.139438e+000
1.216000e+003 9.332709e-001
1.217000e+003 5.888648e-001
1.218000e+003 2.168395e-001
1.219000e+003 1.873181e-001
1.220000e+003 3.424933e-001
1.221000e+003 3.206739e-001
1.222000e+003 2.161944e-001
1.223000e+003 4.589669e-001
1.224000e+003 8.720947e-001
1.225000e+003 1.226514e+000
1.226000e+003 1.401046e+000
1.227000e+003 1.327618e+000
1.228000e+003 1.001704e+000
1.229000e+003 4.922024e-001
1.230000e+003 2.364199e-001
1.231000e+003 7.392026e-001
1.232000e+003 1.111317e+000
1.233000e+003 1.211857e+000
1.234000e+003 1.003600e+000
1.235000e+003 5.283954e-001
1.236000e+003 2.513710e-001
1.237000e+003 9.211195e-001
1.238000e+003 1.551141e+000
1.239000e+003 1.980897e+000
1.240000e+003 2.142367e+000
1.241000e+003 2.033917e+000
1.242000e+003 1.716151e+000
1.243000e+003 1.294340e+000
1.244000e+003 8.924415e-001
1.245000e+003 6.200849e-001
1.246000e+003 5.229028e-001
1.247000e+003 5.640596e-001
1.248000e+003 6.990750e-001
1.249000e+003 8.668750e-001
1.250000e+003 9.717906e-001
1.251000e+003 9.244965e-001
1.252000e+003 6.789920e-001
1.253000e+003 2.816944e-001
1.254000e+003 4.398572e-001
1.255000e+003 1.024826e+000
1.256000e+003 1.537302e+000
1.257000e+003 1.851085e+000
1.258000e+003 1.897156e+000
1.259000e+003 1.667623e+000
1.260000e+003 1.217010e+000
1.261000e+003 6.502448e-001
1.262000e+003 1.175566e-001
1.263000e+003 3.493465e-001
1.264000e+003 5.559071e-001
1.265000e+003 5.205295e-001
1.266000e+003 2.792481e-001
1.267000e+003 1.446773e-001
1.268000e+003 5.041333e-001
1.269000e+003 7.775643e-001
1.270000e+003 8.584874e-001
1.271000e+003 7.108460e-001
1.272000e+003 3.638941e-001
1.273000e+003 1.492501e-001
1.274000e+003 6.084436e-001
1.275000e+003 9.718395e-001
1.276000e+003 1.125353e+000
1.277000e+003 1.021073e+000
1.278000e+003 6.741543e-001
1.279000e+003 1.608771e-001
1.280000e+003 4.073873e-001
1.281000e+003 8.897520e-001
1.282000e+003 1.172874e+000
1.283000e+003 1.182002e+000
1.284000e+003 9.018310e-001
1.285000e+003 3.794147e-001
1.286000e+003 2.881197e-001
1.287000e+003 9.740420e-001
1.288000e+003 1.553254e+000
1.289000e+003 1.926545e+000
1.290000e+003 2.041046e+000
1.291000e+003 1.897947e+000
1.292000e+003 1.547902e+000
1.293000e+003 1.076653e+000
1.294000e+003 5.879404e-001
1.295000e+003 2.308183e-001
1.296000e+003 3.093788e-001
1.297000e+003 4.664587e-001
1.298000e+003 5.137352e-001
1.299000e+003 4.639910e-001
1.300000e+003 3.547671e-001
1.301000e+003 2.333030e-001
1.302000e+003 1.931767e-001
1.303000e+003 3.037136e-001
1.304000e+003 4.721721e-001
1.305000e+003 6.447237e-001
1.306000e+003 7.988940e-001
1.307000e+003 9.205528e-001
1.308000e+003 9.977622e-001
1.309000e+003 1.016527e+000
1.310000e+003 9.597814e-001
1.311000e+003 8.140739e-001
1.312000e+003 5.819835e-001
1.313000e+003 3.036487e-001
1.314000e+003 2.029627e-001
1.315000e+003 4.135035e-001
1.316000e+003 5.617128e-001
1.317000e+003 5.403569e-001
1.318000e+003 3.359444e-001
1.319000e+003 2.957332e-001
1.320000e+003 8.141736e-001
1.321000e+003 1.435063e+000
1.322000e+003 1.992155e+000
1.323000e+003 2.365588e+000
1.324000e+003 2.470062e+000
1.325000e+003 2.270864e+000
1.326000e+003 1.792814e+000
1.327000e+003 1.116445e+000
1.328000e+003 3.683343e-001
1.329000e+003 3.748902e-001
1.330000e+003 9.094388e-001
1.331000e+003 1.212983e+000
1.332000e+003 1.262018e+000
1.333000e+003 1.098837e+000
1.334000e+003 8.155844e-001
1.335000e+003 5.329245e-001
1.336000e+003 3.604517e-001
1.337000e+003 3.138220e-001
1.338000e+003 3.870100e-001
1.339000e+003 6.395615e-001
1.340000e+003 1.004151e+000
1.341000e+003 1.353486e+000
1.342000e+003 1.569264e+000
1.343000e+003 1.564941e+000
1.344000e+003 1.305119e+000
1.345000e+003 8.153487e-001
1.346000e+003 1.897859e-001
1.347000e+003 5.113295e-001
1.348000e+003 1.080785e+000
1.349000e+003 1.441349e+000
1.350000e+003 1.523199e+000
1.351000e+003 1.318911e+000
1.352000e+003 8.854738e-001
1.353000e+003 3.511193e-001
1.354000e+003 3.412974e-001
1.355000e+003 7.548069e-001
1.356000e+003 9.792902e-001
1.357000e+003 9.496379e-001
1.358000e+003 6.839425e-001
1.359000e+003 2.843421e-001
1.360000e+003 3.543582e-001
1.361000e+003 7.820734e-001
1.362000e+003 1.085020e+000
1.363000e+003 1.184624e+000
1.364000e+003 1.072916e+000
1.365000e+003 7.980592e-001
1.366000e+003 4.566473e-001
1.367000e+003 2.194230e-001
1.368000e+003 2.611758e-001
1.369000e+003 2.722600e-001
1.370000e+003 1.259309e-001
1.371000e+003 2.760714e-001
1.372000e+003 7.079758e-001
1.373000e+003 1.150248e+000
1.374000e+003 1.494722e+000
1.375000e+003 1.658631e+000
1.376000e+003 1.598125e+000
1.377000e+003 1.317806e+000
1.378000e+003 8.707556e-001
1.379000e+003 3.632177e-001
1.380000e+003 2.879234e-001
1.381000e+003 6.573992e-001
1.382000e+003 8.800991e-001
1.383000e+003 8.936601e-001
1.384000e+003 7.069374e-001
1.385000e+003 3.800849e-001
1.386000e+003 1.997105e-001
1.387000e+003 5.480423e-001
1.388000e+003 8.842855e-001
1.389000e+003 1.098768e+000
1.390000e+003 1.167474e+000
1.391000e+003 1.104554e+000
1.392000e+003 9.534703e-001
1.393000e+003 7.764090e-001
1.394000e+003 6.391046e-001
1.395000e+003 5.828360e-001
1.396000e+003 5.978680e-001
1.397000e+003 6.483275e-001
1.398000e+003 7.076359e-001
1.399000e+003 7.555305e-001
1.400000e+003 7.702523e-001
1.401000e+003 7.335010e-001
1.402000e+003 6.394612e-001
1.403000e+003 4.991715e-001
1.404000e+003 3.391912e-001
1.405000e+003 2.026496e-001
1.406000e+003 1.744791e-001
1.407000e+003 2.730004e-001
1.408000e+003 4.134675e-001
1.409000e+003 5.566211e-001
1.410000e+003 6.631251e-001
1.411000e+003 6.831398e-001
1.412000e+003 5.719888e-001
1.413000e+003 3.221404e-001
1.414000e+003 2.793249e-001
1.415000e+003 7.885071e-001
1.416000e+003 1.393224e+000
1.417000e+003 1.956500e+000
1.418000e+003 2.372684e+000
1.419000e+003 2.555547e+000
1.420000e+003 2.453797e+000
1.421000e+003 2.062664e+000
1.422000e+003 1.427625e+000
1.423000e+003 6.376606e-001
1.424000e+003 1.947363e-001
1.425000e+003 9.370407e-001
1.426000e+003 1.489220e+000
1.427000e+003 1.777966e+000
1.428000e+003 1.779892e+000
1.429000e+003 1.523208e+000
1.430000e+003 1.081594e+000
1.431000e+003 5.655351e-001
1.432000e+003 2.167168e-001
1.433000e+003 4.544261e-001
1.434000e+003 6.595638e-001
1.435000e+003 6.764744e-001
1.436000e+003 5.162795e-001
1.437000e+003 2.603735e-001
1.438000e+003 2.747771e-001
1.439000e+003 5.760338e-001
1.440000e+003 8.260978e-001
1.441000e+003 9.509895e-001
1.442000e+003 9.326400e-001
1.443000e+003 7.883632e-001
1.444000e+003 5.634040e-001
1.445000e+003 3.233761e-001
1.446000e+003 1.581550e-001
1.447000e+003 1.438139e-001
1.448000e+003 1.403692e-001
1.449000e+003 1.595047e-001
1.450000e+003 3.621278e-001
1.451000e+003 6.657808e-001
1.452000e+003 9.851514e-001
1.453000e+003 1.251567e+000
1.454000e+003 1.408092e+000
1.455000e+003 1.417275e+000
1.456000e+003 1.268408e+000
1.457000e+003 9.799038e-001
1.458000e+003 5.967155e-001
1.459000e+003 1.817002e-001
1.460000e+003 1.959671e-001
1.461000e+003 4.734821e-001
1.462000e+003 6.076619e-001
1.463000e+003 5.822436e-001
1.464000e+003 4.106484e-001
1.465000e+003 1.326451e-001
1.466000e+003 1.964867e-001
1.467000e+003 5.136378e-001
1.468000e+003 7.674716e-001
1.469000e+003 9.247684e-001
1.470000e+003 9.780955e-001
1.471000e+003 9.450754e-001
1.472000e+003 8.608096e-001
1.473000e+003 7.638481e-001
1.474000e+003 6.806204e-001
1.475000e+003 6.218082e-001
1.476000e+003 5.979384e-001
1.477000e+003 6.285790e-001
1.478000e+003 7.167060e-001
1.479000e+003 8.286266e-001
1.480000e+003 9.145811e-001
1.481000e+003 9.334714e-001
1.482000e+003 8.633994e-001
1.483000e+003 7.047580e-001
1.484000e+003 4.809731e-001
1.485000e+003 2.534571e-001
1.486000e+003 2.382826e-001
1.487000e+003 4.364086e-001
1.488000e+003 6.218820e-001
1.489000e+003 7.436956e-001
1.490000e+003 7.906737e-001
1.491000e+003 7.660935e-001
1.492000e+003 6.823227e-001
1.493000e+003 5.592056e-001
1.494000e+003 4.248711e-001
1.495000e+003 3.242412e-001
1.496000e+003 3.212420e-001
1.497000e+003 4.260731e-001
1.498000e+003 5.912454e-001
1.499000e+003 7.852034e-001
1.500000e+003 9.833162e-001
1.501000e+003 1.152499e+000
1.502000e+003 1.252436e+000
1.503000e+003 1.243985e+000
1.504000e+003 1.099328e+000
1.505000e+003 8.106919e-001
1.506000e+003 3.967182e-001
1.507000e+003 1.477476e-001
1.508000e+003 6.674851e-001
1.509000e+003 1.173460e+000
1.510000e+003 1.584898e+000
1.511000e+003 1.849826e+000
1.512000e+003 1.937047e+000
1.513000e+003 1.839505e+000
1.514000e+003 1.573995e+000
1.515000e+003 1.178215e+000
1.516000e+003 7.082138e-001
1.517000e+003 2.670556e-001
1.518000e+003 3.557635e-001
1.519000e+003 6.949248e-001
1.520000e+003 9.200059e-001
1.521000e+003 9.826273e-001
1.522000e+003 8.721829e-001
1.523000e+003 6.049156e-001
1.524000e+003 2.332927e-001
1.525000e+003 2.854893e-001
1.526000e+003 7.289711e-001
1.527000e+003 1.122325e+000
1.528000e+003 1.402727e+000
1.529000e+003 1.537513e+000
1.530000e+003 1.520795e+000
1.531000e+003 1.372311e+000
1.532000e+003 1.131701e+000
1.533000e+003 8.489397e-001
1.534000e+003 5.729902e-001
1.535000e+003 3.410600e-001
1.536000e+003 1.714531e-001
1.537000e+003 7.351750e-002
1.538000e+003 9.148829e-002
1.539000e+003 1.600959e-001
1.540000e+003 2.260748e-001
1.541000e+003 2.787074e-001
1.542000e+003 3.185866e-001
1.543000e+003 3.543689e-001
1.544000e+003 3.918934e-001
1.545000e+003 4.244566e-001
1.546000e+003 4.376947e-001
1.547000e+003 4.236780e-001
1.548000e+003 3.944544e-001
1.549000e+003 3.868853e-001
1.550000e+003 4.354085e-001
1.551000e+003 5.280686e-001
1.552000e+003 6.268939e-001
1.553000e+003 7.054151e-001
1.554000e+003 7.566081e-001
1.555000e+003 7.869744e-001
1.556000e+003 8.056316e-001
1.557000e+003 8.144246e-001
1.558000e+003 8.066851e-001
1.559000e+003 7.751592e-001
1.560000e+003 7.203252e-001
1.561000e+003 6.505988e-001
1.562000e+003 5.726070e-001
1.563000e+003 4.799893e-001
1.564000e+003 3.573240e-001
1.565000e+003 2.233261e-001
1.566000e+003 2.756376e-001
1.567000e+003 5.468863e-001
1.568000e+003 8.653115e-001
1.569000e+003 1.151971e+000
1.570000e+003 1.349161e+000
1.571000e+003 1.415592e+000
1.572000e+003 1.334250e+000
1.573000e+003 1.117977e+000
1.574000e+003 8.099751e-001
1.575000e+003 4.826081e-001
1.576000e+003 2.518729e-001
1.577000e+003 2.398550e-001
1.578000e+003 2.519328e-001
1.579000e+003 1.389857e-001
1.580000e+003 1.049332e-001
1.581000e+003 4.227127e-001
1.582000e+003 7.394577e-001
1.583000e+003 9.673575e-001
1.584000e+003 1.031061e+000
1.585000e+003 8.855156e-001
1.586000e+003 5.318233e-001
1.587000e+003 1.582744e-001
1.588000e+003 6.773481e-001
1.589000e+003 1.286360e+000
1.590000e+003 1.779765e+000
1.591000e+003 2.063601e+000
1.592000e+003 2.086440e+000
1.593000e+003 1.848324e+000
1.594000e+003 1.401295e+000
1.595000e+003 8.393628e-001
1.596000e+003 2.869419e-001
1.597000e+003 2.246469e-001
1.598000e+003 4.785033e-001
1.599000e+003 5.240855e-001
1.600000e+003 3.797722e-001
1.601000e+003 2.165524e-001
1.602000e+003 4.126494e-001
1.603000e+003 6.777604e-001
1.604000e+003 8.129358e-001
1.605000e+003 7.621893e-001
1.606000e+003 5.391818e-001
1.607000e+003 2.497066e-001
1.608000e+003 2.978101e-001
1.609000e+003 5.218168e-001
1.610000e+003 5.744882e-001
1.611000e+003 3.893696e-001
1.612000e+003 2.471396e-001
1.613000e+003 8.097941e-001
1.614000e+003 1.504132e+000
1.615000e+003 2.110981e+000
1.616000e+003 2.476227e+000
1.617000e+003 2.492072e+000
1.618000e+003 2.120404e+000
1.619000e+003 1.405513e+000
1.620000e+003 4.737777e-001
1.621000e+003 5.466881e-001
1.622000e+003 1.393078e+000
1.623000e+003 1.938490e+000
1.624000e+003 2.068300e+000
1.625000e+003 1.755578e+000
1.626000e+003 1.062860e+000
1.627000e+003 1.341896e-001
1.628000e+003 8.676007e-001
1.629000e+003 1.728030e+000
1.630000e+003 2.300178e+000
1.631000e+003 2.492835e+000
1.632000e+003 2.297771e+000
1.633000e+003 1.787405e+000
1.634000e+003 1.097225e+000
1.635000e+003 4.089051e-001
1.636000e+003 3.086933e-001
1.637000e+003 6.278487e-001
1.638000e+003 7.030491e-001
1.639000e+003 5.337221e-001
1.640000e+003 2.156314e-001
1.641000e+003 2.304212e-001
1.642000e+003 5.218012e-001
1.643000e+003 6.561472e-001
1.644000e+003 5.755856e-001
1.645000e+003 2.904536e-001
1.646000e+003 1.406613e-001
1.647000e+003 6.139703e-001
1.648000e+003 1.033577e+000
1.649000e+003 1.315716e+000
1.650000e+003 1.417498e+000
1.651000e+003 1.344107e+000
1.652000e+003 1.144111e+000
1.653000e+003 8.919027e-001
1.654000e+003 6.612869e-001
1.655000e+003 4.956014e-001
1.656000e+003 4.032239e-001
1.657000e+003 3.951933e-001
1.658000e+003 4.663738e-001
1.659000e+003 5.462313e-001
1.660000e+003 5.509073e-001
1.661000e+003 4.285937e-001
1.662000e+003 1.886612e-001
1.663000e+003 2.718195e-001
1.664000e+003 6.744563e-001
1.665000e+003 1.047202e+000
1.666000e+003 1.296069e+000
1.667000e+003 1.364732e+000
1.668000e+003 1.241729e+000
1.669000e+003 9.650208e-001
1.670000e+003 6.170656e-001
1.671000e+003 3.199884e-001
1.672000e+003 2.209304e-001
1.673000e+003 2.165554e-001
1.674000e+003 1.958947e-001
1.675000e+003 4.151133e-001
1.676000e+003 7.995546e-001
1.677000e+003 1.183955e+000
1.678000e+003 1.450037e+000
1.679000e+003 1.512610e+000
1.680000e+003 1.334575e+000
1.681000e+003 9.366982e-001
1.682000e+003 3.997212e-001
1.683000e+003 2.443897e-001
1.684000e+003 7.241153e-001
1.685000e+003 1.036194e+000
1.686000e+003 1.097689e+000
1.687000e+003 8.973337e-001
1.688000e+003 4.858655e-001
1.689000e+003 1.718171e-001
1.690000e+003 6.791762e-001
1.691000e+003 1.159961e+000
1.692000e+003 1.480763e+000
1.693000e+003 1.602427e+000
1.694000e+003 1.535432e+000
1.695000e+003 1.328933e+000
1.696000e+003 1.052605e+000
1.697000e+003 7.743670e-001
1.698000e+003 5.438952e-001
1.699000e+003 3.943581e-001
1.700000e+003 3.514730e-001
1.701000e+003 3.880082e-001
1.702000e+003 4.211838e-001
1.703000e+003 3.859891e-001
1.704000e+003 2.557060e-001
1.705000e+003 5.838352e-002
1.706000e+003 2.316357e-001
1.707000e+003 4.624420e-001
1.708000e+003 5.954779e-001
1.709000e+003 5.712466e-001
1.710000e+003 3.652433e-001
1.711000e+003 6.541126e-002
1.712000e+003 4.992449e-001
1.713000e+003 9.946489e-001
1.714000e+003 1.408217e+000
1.715000e+003 1.651936e+000
1.716000e+003 1.672214e+000
1.717000e+003 1.462109e+000
1.718000e+003 1.063720e+000
1.719000e+003 5.648964e-001
1.720000e+003 2.160476e-001
1.721000e+003 5.310333e-001
1.722000e+003 8.467041e-001
1.723000e+003 1.015786e+000
1.724000e+003 1.046243e+000
1.725000e+003 9.845536e-001
1.726000e+003 8.900763e-001
1.727000e+003 8.152789e-001
1.728000e+003 8.004768e-001
1.729000e+003 8.710463e-001
1.730000e+003 1.012961e+000
1.731000e+003 1.163893e+000
1.732000e+003 1.242950e+000
1.733000e+003 1.182678e+000
1.734000e+003 9.508958e-001
1.735000e+003 5.621595e-001
1.736000e+003 1.003795e-001
1.737000e+003 4.359033e-001
1.738000e+003 8.340256e-001
1.739000e+003 1.051821e+000
1.740000e+003 1.040731e+000
1.741000e+003 8.092602e-001
1.742000e+003 4.289175e-001
1.743000e+003 1.587027e-001
1.744000e+003 4.397922e-001
1.745000e+003 6.071271e-001
1.746000e+003 5.141758e-001
1.747000e+003 1.440971e-001
1.748000e+003 4.566240e-001
1.749000e+003 1.164799e+000
1.750000e+003 1.836568e+000
1.751000e+003 2.321252e+000
1.752000e+003 2.502028e+000
1.753000e+003 2.323738e+000
1.754000e+003 1.808088e+000
1.755000e+003 1.053654e+000
1.756000e+003 2.778391e-001
1.757000e+003 6.582348e-001
1.758000e+003 1.201020e+000
1.759000e+003 1.423720e+000
1.760000e+003 1.282834e+000
1.761000e+003 8.265349e-001
1.762000e+003 2.496219e-001
1.763000e+003 6.569976e-001
1.764000e+003 1.270941e+000
1.765000e+003 1.661869e+000
1.766000e+003 1.743187e+000
1.767000e+003 1.509550e+000
1.768000e+003 1.029194e+000
1.769000e+003 4.376914e-001
1.770000e+003 2.761737e-001
1.771000e+003 6.771000e-001
1.772000e+003 8.645414e-001
1.773000e+003 7.660886e-001
1.774000e+003 4.214263e-001
1.775000e+003 3.049260e-001
1.776000e+003 8.731495e-001
1.777000e+003 1.436410e+000
1.778000e+003 1.831545e+000
1.779000e+003 1.978209e+000
1.780000e+003 1.852908e+000
1.781000e+003 1.486684e+000
1.782000e+003 9.548068e-001
1.783000e+003 3.580406e-001
1.784000e+003 2.004468e-001
1.785000e+003 6.311424e-001
1.786000e+003 8.807412e-001
1.787000e+003 9.330605e-001
1.788000e+003 8.097985e-001
1.789000e+003 5.618801e-001
1.790000e+003 2.644251e-001
1.791000e+003 1.672600e-001
1.792000e+003 4.000365e-001
1.793000e+003 6.029027e-001
1.794000e+003 7.401772e-001
1.795000e+003 8.205375e-001
1.796000e+003 8.570447e-001
1.797000e+003 8.529547e-001
1.798000e+003 7.989030e-001
1.799000e+003 6.804785e-001
1.800000e+003 4.892022e-001
1.801000e+003 2.289388e-001
1.802000e+003 9.248264e-002
1.803000e+003 4.314495e-001
1.804000e+003 7.714800e-001
1.805000e+003 1.079671e+000
1.806000e+003 1.330150e+000
1.807000e+003 1.502968e+000
1.808000e+003 1.584962e+000
1.809000e+003 1.569984e+000
1.810000e+003 1.459504e+000
1.811000e+003 1.263350e+000
1.812000e+003 1.000136e+000
1.813000e+003 6.963358e-001
1.814000e+003 3.875141e-001
1.815000e+003 1.731597e-001
1.816000e+003 3.168054e-001
1.817000e+003 5.568511e-001
1.818000e+003 7.781787e-001
1.819000e+003 9.656843e-001
1.820000e+003 1.105493e+000
1.821000e+003 1.179161e+000
1.822000e+003 1.170120e+000
1.823000e+003 1.073528e+000
1.824000e+003 9.034748e-001
1.825000e+003 6.958236e-001
1.826000e+003 5.052821e-001
1.827000e+003 3.894614e-001
1.828000e+003 3.607831e-001
1.829000e+003 3.854027e-001
1.830000e+003 4.704543e-001
1.831000e+003 6.371194e-001
1.832000e+003 8.510683e-001
1.833000e+003 1.045479e+000
1.834000e+003 1.157884e+000
1.835000e+003 1.147295e+000
1.836000e+003 1.003773e+000
1.837000e+003 7.512790e-001
1.838000e+003 4.469125e-001
1.839000e+003 2.058406e-001
1.840000e+003 2.497503e-001
1.841000e+003 3.547403e-001
1.842000e+003 3.509453e-001
1.843000e+003 2.345604e-001
1.844000e+003 8.106262e-002
1.845000e+003 2.162928e-001
1.846000e+003 3.953443e-001
1.847000e+003 4.999179e-001
1.848000e+003 5.119003e-001
1.849000e+003 4.518650e-001
1.850000e+003 3.739828e-001
1.851000e+003 3.402443e-001
1.852000e+003 3.647770e-001
1.853000e+003 4.385764e-001
1.854000e+003 5.913993e-001
1.855000e+003 8.320517e-001
1.856000e+003 1.105686e+000
1.857000e+003 1.327711e+000
1.858000e+003 1.417666e+000
1.859000e+003 1.322325e+000
1.860000e+003 1.031393e+000
1.861000e+003 5.839106e-001
1.862000e+003 8.835186e-002
1.863000e+003 4.503078e-001
1.864000e+003 8.094989e-001
1.865000e+003 9.532762e-001
1.866000e+003 8.455343e-001
1.867000e+003 5.098456e-001
1.868000e+003 6.517908e-002
1.869000e+003 5.114176e-001
1.870000e+003 9.422355e-001
1.871000e+003 1.173475e+000
1.872000e+003 1.140858e+000
1.873000e+003 8.438776e-001
1.874000e+003 3.534536e-001
1.875000e+003 2.870060e-001
1.876000e+003 8.157122e-001
1.877000e+003 1.182673e+000
1.878000e+003 1.286600e+000
1.879000e+003 1.100388e+000
1.880000e+003 6.719348e-001
1.881000e+003 1.829373e-001
1.882000e+003 5.355926e-001
1.883000e+003 9.518670e-001
1.884000e+003 1.108325e+000
1.885000e+003 9.376727e-001
1.886000e+003 4.570552e-001
1.887000e+003 3.108054e-001
1.888000e+003 1.109825e+000
1.889000e+003 1.857745e+000
1.890000e+003 2.387786e+000
1.891000e+003 2.589748e+000
1.892000e+003 2.419102e+000
1.893000e+003 1.904032e+000
1.894000e+003 1.138661e+000
1.895000e+003 3.044131e-001
1.896000e+003 6.850318e-001
1.897000e+003 1.397844e+000
1.898000e+003 1.891255e+000
1.899000e+003 2.122880e+000
1.900000e+003 2.111228e+000
1.901000e+003 1.916347e+000
1.902000e+003 1.620468e+000
1.903000e+003 1.307589e+000
1.904000e+003 1.044750e+000
1.905000e+003 8.641112e-001
1.906000e+003 7.517279e-001
1.907000e+003 6.636992e-001
1.908000e+003 5.609834e-001
1.909000e+003 4.310828e-001
1.910000e+003 2.951915e-001
1.911000e+003 2.133837e-001
1.912000e+003 2.173669e-001
1.913000e+003 2.176114e-001
1.914000e+003 1.595063e-001
1.915000e+003 1.824040e-001
1.916000e+003 4.104281e-001
1.917000e+003 6.874744e-001
1.918000e+003 9.185632e-001
1.919000e+003 1.033303e+000
1.920000e+003 9.881873e-001
1.921000e+003 7.788910e-001
1.922000e+003 4.493149e-001
1.923000e+003 1.660571e-001
1.924000e+003 3.830420e-001
1.925000e+003 6.043393e-001
1.926000e+003 6.452720e-001
1.927000e+003 4.775483e-001
1.928000e+003 1.468979e-001
1.929000e+003 3.567108e-001
1.930000e+003 8.175892e-001
1.931000e+003 1.184598e+000
1.932000e+003 1.372635e+000
1.933000e+003 1.345441e+000
1.934000e+003 1.122746e+000
1.935000e+003 7.773363e-001
1.936000e+003 4.241000e-001
1.937000e+003 2.202059e-001
1.938000e+003 1.966428e-001
1.939000e+003 9.184258e-002
1.940000e+003 1.734858e-001
1.941000e+003 5.388426e-001
1.942000e+003 8.986083e-001
1.943000e+003 1.134631e+000
1.944000e+003 1.152927e+000
1.945000e+003 9.114892e-001
1.946000e+003 4.407420e-001
1.947000e+003 2.473521e-001
1.948000e+003 8.653754e-001
1.949000e+003 1.373805e+000
1.950000e+003 1.625366e+000
1.951000e+003 1.547922e+000
1.952000e+003 1.147533e+000
1.953000e+003 5.206341e-001
1.954000e+003 3.383754e-001
1.955000e+003 9.747142e-001
1.956000e+003 1.420602e+000
1.957000e+003 1.532964e+000
1.958000e+003 1.277091e+000
1.959000e+003 7.128350e-001
1.960000e+003 2.314120e-001
1.961000e+003 9.123377e-001
1.962000e+003 1.546706e+000
1.963000e+003 1.901326e+000
1.964000e+003 1.904847e+000
1.965000e+003 1.574940e+000
1.966000e+003 1.011420e+000
1.967000e+003 3.864267e-001
1.968000e+003 3.102765e-001
1.969000e+003 6.338374e-001
1.970000e+003 6.946827e-001
1.971000e+003 4.788930e-001
1.972000e+003 2.160792e-001
1.973000e+003 5.814065e-001
1.974000e+003 9.946809e-001
1.975000e+003 1.187213e+000
1.976000e+003 1.061821e+000
1.977000e+003 6.149638e-001
1.978000e+003 2.571579e-001
1.979000e+003 1.026050e+000
1.980000e+003 1.832233e+000
1.981000e+003 2.444596e+000
1.982000e+003 2.744256e+000
1.983000e+003 2.687589e+000
1.984000e+003 2.311506e+000
1.985000e+003 1.720750e+000
1.986000e+003 1.059442e+000
1.987000e+003 4.745961e-001
1.988000e+003 1.072608e-001
1.989000e+003 1.644336e-001
1.990000e+003 2.199930e-001
1.991000e+003 3.431510e-001
1.992000e+003 5.331631e-001
1.993000e+003 6.518276e-001
1.994000e+003 6.053971e-001
1.995000e+003 3.806010e-001
1.996000e+003 2.280840e-001
1.997000e+003 5.907733e-001
1.998000e+003 9.593328e-001
1.999000e+003 1.132103e+000
2.000000e+003 1.016238e+000
2.001000e+003 6.015072e-001
2.002000e+003 2.420897e-001
2.003000e+003 9.462878e-001
2.004000e+003 1.688571e+000
2.005000e+003 2.215251e+000
2.006000e+003 2.389492e+000
2.007000e+003 2.153877e+000
2.008000e+003 1.544091e+000
2.009000e+003 6.897903e-001
2.010000e+003 3.283369e-001
2.011000e+003 1.096301e+000
2.012000e+003 1.588671e+000
2.013000e+003 1.662786e+000
2.014000e+003 1.298408e+000
2.015000e+003 5.840631e-001
2.016000e+003 4.281054e-001
2.017000e+003 1.339527e+000
2.018000e+003 2.078183e+000
2.019000e+003 2.465047e+000
2.020000e+003 2.419391e+000
2.021000e+003 1.955899e+000
2.022000e+003 1.176542e+000
2.023000e+003 2.465873e-001
2.024000e+003 6.515867e-001
2.025000e+003 1.343493e+000
2.026000e+003 1.717302e+000
2.027000e+003 1.734547e+000
2.028000e+003 1.435662e+000
2.029000e+003 9.262383e-001
2.030000e+003 3.549652e-001
2.031000e+003 2.239791e-001
2.032000e+003 5.417563e-001
2.033000e+003 6.479319e-001
2.034000e+003 5.308544e-001
2.035000e+003 2.486749e-001
2.036000e+003 1.109390e-001
2.037000e+003 4.369937e-001
2.038000e+003 6.559393e-001
2.039000e+003 7.224041e-001
2.040000e+003 6.392970e-001
2.041000e+003 4.531335e-001
2.042000e+003 2.497030e-001
2.043000e+003 1.720646e-001
2.044000e+003 2.171347e-001
2.045000e+003 2.159871e-001
2.046000e+003 1.977663e-001
