0.000000e+000 2.957390e+000
1.000000e+000 3.187911e+000
2.000000e+000 2.985248e+000
3.000000e+000 2.391757e+000
4.000000e+000 1.527629e+000
5.000000e+000 5.637027e-001
6.000000e+000 -3.165255e-001
7.000000e+000 -9.567989e-001
8.000000e+000 -1.260687e+000
9.000000e+000 -1.209559e+000
1.000000e+001 -8.622419e-001
1.100000e+001 -3.370893e-001
1.200000e+001 2.187105e-001
1.300000e+001 6.648591e-001
1.400000e+001 9.000783e-001
1.500000e+001 8.831918e-001
1.600000e+001 6.386527e-001
1.700000e+001 2.459490e-001
1.800000e+001 -1.837381e-001
1.900000e+001 -5.372869e-001
2.000000e+001 -7.281552e-001
2.100000e+001 -7.166793e-001
2.200000e+001 -5.174976e-001
2.300000e+001 -1.928600e-001
2.400000e+001 1.658164e-001
2.500000e+001 4.629292e-001
2.600000e+001 6.235665e-001
2.700000e+001 6.119273e-001
2.800000e+001 4.388414e-001
2.900000e+001 1.569203e-001
3.000000e+001 -1.549281e-001
3.100000e+001 -4.131731e-001
3.200000e+001 -5.516973e-001
3.300000e+001 -5.384440e-001
3.400000e+001 -3.825561e-001
3.500000e+001 -1.304703e-001
3.600000e+001 1.476155e-001
3.700000e+001 3.770468e-001
3.800000e+001 4.985366e-001
3.900000e+001 4.833133e-001
4.000000e+001 3.397354e-001
4.100000e+001 1.099327e-001
4.200000e+001 -1.423679e-001
4.300000e+001 -3.493578e-001
4.400000e+001 -4.572233e-001
4.500000e+001 -4.400141e-001
4.600000e+001 -3.057530e-001
4.700000e+001 -9.337573e-002
4.800000e+001 1.384259e-001
4.900000e+001 3.273169e-001
5.000000e+001 4.239832e-001
5.100000e+001 4.049156e-001
5.200000e+001 2.780327e-001
5.300000e+001 7.981902e-002
5.400000e+001 -1.350636e-001
5.500000e+001 -3.087499e-001
5.600000e+001 -3.956495e-001
5.700000e+001 -3.742992e-001
5.800000e+001 -2.525288e-001
5.900000e+001 -6.469178e-002
6.000000e+001 1.381142e-001
6.100000e+001 3.021159e-001
6.200000e+001 3.853596e-001
6.300000e+001 3.688032e-001
6.400000e+001 2.610892e-001
6.500000e+001 9.588154e-002
6.600000e+001 -7.740627e-002
6.700000e+001 -2.068623e-001
6.800000e+001 -2.517332e-001
6.900000e+001 -1.928359e-001
7.000000e+001 -3.701252e-002
7.100000e+001 1.853920e-001
7.200000e+001 4.292386e-001
7.300000e+001 6.470013e-001
7.400000e+001 8.014270e-001
7.500000e+001 8.750781e-001
7.600000e+001 8.741576e-001
7.700000e+001 8.257191e-001
7.800000e+001 7.690682e-001
7.900000e+001 7.437901e-001
8.000000e+001 7.776720e-001
8.100000e+001 8.778353e-001
8.200000e+001 1.027515e+000
8.300000e+001 1.189347e+000
8.400000e+001 1.314398e+000
8.500000e+001 1.354526e+000
8.600000e+001 1.274926e+000
8.700000e+001 1.063599e+000
8.800000e+001 7.353367e-001
8.900000e+001 3.292983e-001
9.000000e+001 -9.921199e-002
9.100000e+001 -4.905120e-001
9.200000e+001 -7.930157e-001
9.300000e+001 -9.731982e-001
9.400000e+001 -1.020908e+000
9.500000e+001 -9.489490e-001
9.600000e+001 -7.874562e-001
9.700000e+001 -5.749546e-001
9.800000e+001 -3.486661e-001
9.900000e+001 -1.366939e-001
1.000000e+002 4.595293e-002
1.010000e+002 1.968293e-001
1.020000e+002 3.215988e-001
1.030000e+002 4.274944e-001
1.040000e+002 5.169622e-001
1.050000e+002 5.838003e-001
1.060000e+002 6.131815e-001
1.070000e+002 5.857531e-001
1.080000e+002 4.847339e-001
1.090000e+002 3.038462e-001
1.100000e+002 5.351137e-002
1.110000e+002 -2.368858e-001
1.120000e+002 -5.219803e-001
1.130000e+002 -7.484434e-001
1.140000e+002 -8.664893e-001
1.150000e+002 -8.420906e-001
1.160000e+002 -6.668607e-001
1.170000e+002 -3.627703e-001
1.180000e+002 1.984778e-002
1.190000e+002 4.110923e-001
1.200000e+002 7.353435e-001
1.210000e+002 9.272700e-001
1.220000e+002 9.462380e-001
1.230000e+002 7.858360e-001
1.240000e+002 4.761187e-001
1.250000e+002 7.788542e-002
1.260000e+002 -3.298044e-001
1.270000e+002 -6.661891e-001
1.280000e+002 -8.657148e-001
1.290000e+002 -8.916170e-001
1.300000e+002 -7.431114e-001
1.310000e+002 -4.547549e-001
1.320000e+002 -8.832091e-002
1.330000e+002 2.809448e-001
1.340000e+002 5.804071e-001
1.350000e+002 7.549628e-001
1.360000e+002 7.775750e-001
1.370000e+002 6.534106e-001
1.380000e+002 4.169859e-001
1.390000e+002 1.233870e-001
1.400000e+002 -1.641977e-001
1.410000e+002 -3.877018e-001
1.420000e+002 -5.053405e-001
1.430000e+002 -4.984871e-001
1.440000e+002 -3.732718e-001
1.450000e+002 -1.570230e-001
1.460000e+002 1.091076e-001
1.470000e+002 3.794291e-001
1.480000e+002 6.127892e-001
1.490000e+002 7.796264e-001
1.500000e+002 8.659050e-001
1.510000e+002 8.736224e-001
1.520000e+002 8.183331e-001
1.530000e+002 7.246749e-001
1.540000e+002 6.210499e-001
1.550000e+002 5.344847e-001
1.560000e+002 4.864950e-001
1.570000e+002 4.902601e-001
1.580000e+002 5.491888e-001
1.590000e+002 6.567386e-001
1.600000e+002 7.973080e-001
1.610000e+002 9.479992e-001
1.620000e+002 1.081320e+000
1.630000e+002 1.168640e+000
1.640000e+002 1.184311e+000
1.650000e+002 1.110028e+000
1.660000e+002 9.388061e-001
1.670000e+002 6.777332e-001
1.680000e+002 3.486868e-001
1.690000e+002 -1.358265e-002
1.700000e+002 -3.661596e-001
1.710000e+002 -6.648221e-001
1.720000e+002 -8.719789e-001
1.730000e+002 -9.640619e-001
1.740000e+002 -9.365774e-001
1.750000e+002 -8.055207e-001
1.760000e+002 -6.044643e-001
1.770000e+002 -3.776070e-001
1.780000e+002 -1.701967e-001
1.790000e+002 -1.840541e-002
1.800000e+002 5.891344e-002
1.810000e+002 6.447998e-002
1.820000e+002 2.151058e-002
1.830000e+002 -3.261083e-002
1.840000e+002 -5.664146e-002
1.850000e+002 -1.735073e-002
1.860000e+002 1.000984e-001
1.870000e+002 2.859919e-001
1.880000e+002 5.060874e-001
1.890000e+002 7.082257e-001
1.900000e+002 8.342893e-001
1.910000e+002 8.348836e-001
1.920000e+002 6.831728e-001
1.930000e+002 3.843156e-001
1.940000e+002 -2.214023e-002
1.950000e+002 -4.680447e-001
1.960000e+002 -8.697129e-001
1.970000e+002 -1.145522e+000
1.980000e+002 -1.234196e+000
1.990000e+002 -1.109459e+000
2.000000e+002 -7.874057e-001
2.010000e+002 -3.246517e-001
2.020000e+002 1.925854e-001
2.030000e+002 6.663384e-001
2.040000e+002 1.007551e+000
2.050000e+002 1.154947e+000
2.060000e+002 1.087822e+000
2.070000e+002 8.297462e-001
2.080000e+002 4.423937e-001
2.090000e+002 1.104480e-002
2.100000e+002 -3.748695e-001
2.110000e+002 -6.415044e-001
2.120000e+002 -7.459884e-001
2.130000e+002 -6.840551e-001
2.140000e+002 -4.883198e-001
2.150000e+002 -2.178828e-001
2.160000e+002 5.784029e-002
2.170000e+002 2.768636e-001
2.180000e+002 3.995813e-001
2.190000e+002 4.170971e-001
2.200000e+002 3.511897e-001
2.210000e+002 2.461454e-001
2.220000e+002 1.548454e-001
2.230000e+002 1.229750e-001
2.240000e+002 1.756617e-001
2.250000e+002 3.101243e-001
2.260000e+002 4.963359e-001
2.270000e+002 6.855242e-001
2.280000e+002 8.242424e-001
2.290000e+002 8.701962e-001
2.300000e+002 8.054908e-001
2.310000e+002 6.435577e-001
2.320000e+002 4.276606e-001
2.330000e+002 2.209891e-001
2.340000e+002 9.071517e-002
2.350000e+002 8.992350e-002
2.360000e+002 2.420999e-001
2.370000e+002 5.323616e-001
2.380000e+002 9.080024e-001
2.390000e+002 1.288619e+000
2.400000e+002 1.583813e+000
2.410000e+002 1.714189e+000
2.420000e+002 1.630827e+000
2.430000e+002 1.328248e+000
2.440000e+002 8.476313e-001
2.450000e+002 2.691864e-001
2.460000e+002 -3.047533e-001
2.470000e+002 -7.720594e-001
2.480000e+002 -1.053538e+000
2.490000e+002 -1.110453e+000
2.500000e+002 -9.530060e-001
2.510000e+002 -6.374956e-001
2.520000e+002 -2.528774e-001
2.530000e+002 1.000276e-001
2.540000e+002 3.321056e-001
2.550000e+002 3.863879e-001
2.560000e+002 2.510591e-001
2.570000e+002 -3.829081e-002
2.580000e+002 -4.074531e-001
2.590000e+002 -7.612407e-001
2.600000e+002 -1.005775e+000
2.610000e+002 -1.070412e+000
2.620000e+002 -9.239447e-001
2.630000e+002 -5.817453e-001
2.640000e+002 -1.022917e-001
2.650000e+002 4.259944e-001
2.660000e+002 9.041374e-001
2.670000e+002 1.243807e+000
2.680000e+002 1.385633e+000
2.690000e+002 1.310329e+000
2.700000e+002 1.040895e+000
2.710000e+002 6.354653e-001
2.720000e+002 1.731744e-001
2.730000e+002 -2.633863e-001
2.740000e+002 -6.052476e-001
2.750000e+002 -8.094687e-001
2.760000e+002 -8.648311e-001
2.770000e+002 -7.899590e-001
2.780000e+002 -6.250151e-001
2.790000e+002 -4.195936e-001
2.800000e+002 -2.200385e-001
2.810000e+002 -5.932498e-002
2.820000e+002 4.827151e-002
2.830000e+002 1.069903e-001
2.840000e+002 1.344445e-001
2.850000e+002 1.535366e-001
2.860000e+002 1.838325e-001
2.870000e+002 2.349443e-001
2.880000e+002 3.035804e-001
2.890000e+002 3.748968e-001
2.900000e+002 4.275176e-001
2.910000e+002 4.405744e-001
2.920000e+002 4.006879e-001
2.930000e+002 3.068304e-001
2.940000e+002 1.717291e-001
2.950000e+002 1.944229e-002
2.960000e+002 -1.201785e-001
2.970000e+002 -2.186099e-001
2.980000e+002 -2.553348e-001
2.990000e+002 -2.224298e-001
3.000000e+002 -1.257916e-001
3.010000e+002 1.720709e-002
3.020000e+002 1.827129e-001
3.030000e+002 3.467803e-001
3.040000e+002 4.910620e-001
3.050000e+002 6.064934e-001
3.060000e+002 6.938137e-001
3.070000e+002 7.610395e-001
3.080000e+002 8.187781e-001
3.090000e+002 8.748412e-001
3.100000e+002 9.300538e-001
3.110000e+002 9.765670e-001
3.120000e+002 9.994241e-001
3.130000e+002 9.811073e-001
3.140000e+002 9.078110e-001
3.150000e+002 7.756504e-001
3.160000e+002 5.947553e-001
3.170000e+002 3.898550e-001
3.180000e+002 1.965244e-001
3.190000e+002 5.379725e-002
3.200000e+002 -5.429864e-003
3.210000e+002 3.623646e-002
3.220000e+002 1.740047e-001
3.230000e+002 3.789673e-001
3.240000e+002 6.018740e-001
3.250000e+002 7.822949e-001
3.260000e+002 8.614107e-001
3.270000e+002 7.956616e-001
3.280000e+002 5.681451e-001
3.290000e+002 1.949579e-001
3.300000e+002 -2.754949e-001
3.310000e+002 -7.702223e-001
3.320000e+002 -1.205307e+000
3.330000e+002 -1.502566e+000
3.340000e+002 -1.605746e+000
3.350000e+002 -1.492663e+000
3.360000e+002 -1.180549e+000
3.370000e+002 -7.231737e-001
3.380000e+002 -2.003839e-001
3.390000e+002 2.979087e-001
3.400000e+002 6.897736e-001
3.410000e+002 9.174684e-001
3.420000e+002 9.583883e-001
3.430000e+002 8.283043e-001
3.440000e+002 5.763850e-001
3.450000e+002 2.731609e-001
3.460000e+002 -5.770162e-003
3.470000e+002 -1.966337e-001
3.480000e+002 -2.610781e-001
3.490000e+002 -1.937962e-001
3.500000e+002 -2.224943e-002
3.510000e+002 2.009615e-001
3.520000e+002 4.112872e-001
3.530000e+002 5.478909e-001
3.540000e+002 5.679287e-001
3.550000e+002 4.564584e-001
3.560000e+002 2.295828e-001
3.570000e+002 -6.957132e-002
3.580000e+002 -3.810232e-001
3.590000e+002 -6.417721e-001
3.600000e+002 -7.998762e-001
3.610000e+002 -8.256484e-001
3.620000e+002 -7.174070e-001
3.630000e+002 -5.005856e-001
3.640000e+002 -2.207634e-001
3.650000e+002 6.769690e-002
3.660000e+002 3.143106e-001
3.670000e+002 4.835964e-001
3.680000e+002 5.618405e-001
3.690000e+002 5.581448e-001
3.700000e+002 4.996560e-001
3.710000e+002 4.225791e-001
3.720000e+002 3.611668e-001
3.730000e+002 3.379890e-001
3.740000e+002 3.577026e-001
3.750000e+002 4.062348e-001
3.760000e+002 4.555430e-001
3.770000e+002 4.725660e-001
3.780000e+002 4.302090e-001
3.790000e+002 3.172054e-001
3.800000e+002 1.441613e-001
3.810000e+002 -5.615205e-002
3.820000e+002 -2.346277e-001
3.830000e+002 -3.368673e-001
3.840000e+002 -3.166320e-001
3.850000e+002 -1.487789e-001
3.860000e+002 1.618938e-001
3.870000e+002 5.781366e-001
3.880000e+002 1.035406e+000
3.890000e+002 1.453618e+000
3.900000e+002 1.753430e+000
3.910000e+002 1.873363e+000
3.920000e+002 1.783782e+000
3.930000e+002 1.494680e+000
3.940000e+002 1.054926e+000
3.950000e+002 5.430862e-001
3.960000e+002 5.156243e-002
3.970000e+002 -3.327231e-001
3.980000e+002 -5.465139e-001
3.990000e+002 -5.636176e-001
4.000000e+002 -4.001373e-001
4.010000e+002 -1.105260e-001
4.020000e+002 2.248372e-001
4.030000e+002 5.176641e-001
4.040000e+002 6.915184e-001
4.050000e+002 6.985817e-001
4.060000e+002 5.299224e-001
4.070000e+002 2.168580e-001
4.080000e+002 -1.768582e-001
4.090000e+002 -5.700199e-001
4.100000e+002 -8.827236e-001
4.110000e+002 -1.054566e+000
4.120000e+002 -1.057821e+000
4.130000e+002 -9.029967e-001
4.140000e+002 -6.351795e-001
4.150000e+002 -3.224414e-001
4.160000e+002 -3.892469e-002
4.170000e+002 1.531185e-001
4.180000e+002 2.183305e-001
4.190000e+002 1.563432e-001
4.200000e+002 1.434699e-003
4.210000e+002 -1.864559e-001
4.220000e+002 -3.369416e-001
4.230000e+002 -3.871903e-001
4.240000e+002 -2.983051e-001
4.250000e+002 -6.610487e-002
4.260000e+002 2.761750e-001
4.270000e+002 6.642120e-001
4.280000e+002 1.016301e+000
4.290000e+002 1.251576e+000
4.300000e+002 1.308441e+000
4.310000e+002 1.159034e+000
4.320000e+002 8.164594e-001
4.330000e+002 3.330858e-001
4.340000e+002 -2.097094e-001
4.350000e+002 -7.179778e-001
4.360000e+002 -1.104156e+000
4.370000e+002 -1.304637e+000
4.380000e+002 -1.291783e+000
4.390000e+002 -1.078353e+000
4.400000e+002 -7.133623e-001
4.410000e+002 -2.706389e-001
4.420000e+002 1.670452e-001
4.430000e+002 5.249789e-001
4.440000e+002 7.506680e-001
4.450000e+002 8.225588e-001
4.460000e+002 7.517046e-001
4.470000e+002 5.765368e-001
4.480000e+002 3.523723e-001
4.490000e+002 1.383217e-001
4.500000e+002 -1.543802e-002
4.510000e+002 -7.720648e-002
4.520000e+002 -3.854023e-002
4.530000e+002 8.647072e-002
4.540000e+002 2.665066e-001
4.550000e+002 4.614659e-001
4.560000e+002 6.317236e-001
4.570000e+002 7.461805e-001
4.580000e+002 7.875450e-001
4.590000e+002 7.540750e-001
4.600000e+002 6.580299e-001
4.610000e+002 5.216332e-001
4.620000e+002 3.718202e-001
4.630000e+002 2.351837e-001
4.640000e+002 1.339814e-001
4.650000e+002 8.379285e-002
4.660000e+002 9.273160e-002
4.670000e+002 1.617961e-001
4.680000e+002 2.856321e-001
4.690000e+002 4.534814e-001
4.700000e+002 6.496915e-001
4.710000e+002 8.542341e-001
4.720000e+002 1.043456e+000
4.730000e+002 1.191470e+000
4.740000e+002 1.272774e+000
4.750000e+002 1.265728e+000
4.760000e+002 1.156736e+000
4.770000e+002 9.440829e-001
4.780000e+002 6.405275e-001
4.790000e+002 2.734888e-001
4.800000e+002 -1.173608e-001
4.810000e+002 -4.856098e-001
4.820000e+002 -7.853103e-001
4.830000e+002 -9.790949e-001
4.840000e+002 -1.045273e+000
4.850000e+002 -9.822279e-001
4.860000e+002 -8.092847e-001
4.870000e+002 -5.633332e-001
4.880000e+002 -2.920700e-001
4.890000e+002 -4.492253e-002
4.900000e+002 1.362973e-001
4.910000e+002 2.250515e-001
4.920000e+002 2.145404e-001
4.930000e+002 1.179213e-001
4.940000e+002 -3.546929e-002
4.950000e+002 -2.071341e-001
4.960000e+002 -3.577507e-001
4.970000e+002 -4.552070e-001
4.980000e+002 -4.803970e-001
4.990000e+002 -4.296849e-001
5.000000e+002 -3.138752e-001
5.010000e+002 -1.540702e-001
5.020000e+002 2.409180e-002
5.030000e+002 1.964738e-001
5.040000e+002 3.449687e-001
5.050000e+002 4.598509e-001
5.060000e+002 5.393646e-001
5.070000e+002 5.871364e-001
5.080000e+002 6.084467e-001
5.090000e+002 6.067080e-001
5.100000e+002 5.812543e-001
5.110000e+002 5.272297e-001
5.120000e+002 4.376571e-001
5.130000e+002 3.070574e-001
5.140000e+002 1.353207e-001
5.150000e+002 -6.913936e-002
5.160000e+002 -2.884648e-001
5.170000e+002 -4.968561e-001
5.180000e+002 -6.646901e-001
5.190000e+002 -7.642118e-001
5.200000e+002 -7.755563e-001
5.210000e+002 -6.914768e-001
5.220000e+002 -5.197105e-001
5.230000e+002 -2.821908e-001
5.240000e+002 -1.100047e-002
5.250000e+002 2.576591e-001
5.260000e+002 4.904598e-001
5.270000e+002 6.631103e-001
5.280000e+002 7.643182e-001
5.290000e+002 7.967266e-001
5.300000e+002 7.746202e-001
5.310000e+002 7.192483e-001
5.320000e+002 6.529620e-001
5.330000e+002 5.936763e-001
5.340000e+002 5.510338e-001
5.350000e+002 5.253083e-001
5.360000e+002 5.088847e-001
5.370000e+002 4.900532e-001
5.380000e+002 4.578792e-001
5.390000e+002 4.065757e-001
5.400000e+002 3.384332e-001
5.410000e+002 2.641395e-001
5.420000e+002 2.005790e-001
5.430000e+002 1.666179e-001
5.440000e+002 1.779910e-001
5.450000e+002 2.425833e-001
5.460000e+002 3.574483e-001
5.470000e+002 5.084248e-001
5.480000e+002 6.722575e-001
5.490000e+002 8.211110e-001
5.500000e+002 9.280788e-001
5.510000e+002 9.726890e-001
5.520000e+002 9.448422e-001
5.530000e+002 8.466066e-001
5.540000e+002 6.913611e-001
5.550000e+002 5.006760e-001
5.560000e+002 2.996654e-001
5.570000e+002 1.120298e-001
5.580000e+002 -4.424961e-002
5.590000e+002 -1.595572e-001
5.600000e+002 -2.334522e-001
5.610000e+002 -2.734593e-001
5.620000e+002 -2.924312e-001
5.630000e+002 -3.051660e-001
5.640000e+002 -3.251123e-001
5.650000e+002 -3.615892e-001
5.660000e+002 -4.181407e-001
5.670000e+002 -4.918892e-001
5.680000e+002 -5.740430e-001
5.690000e+002 -6.510839e-001
5.700000e+002 -7.067250e-001
5.710000e+002 -7.240707e-001
5.720000e+002 -6.882573e-001
5.730000e+002 -5.890932e-001
5.740000e+002 -4.237133e-001
5.750000e+002 -1.987236e-001
5.760000e+002 6.867066e-002
5.770000e+002 3.510944e-001
5.780000e+002 6.133168e-001
5.790000e+002 8.170003e-001
5.800000e+002 9.269054e-001
5.810000e+002 9.180996e-001
5.820000e+002 7.826208e-001
5.830000e+002 5.339720e-001
5.840000e+002 2.078204e-001
5.850000e+002 -1.416461e-001
5.860000e+002 -4.501391e-001
5.870000e+002 -6.549078e-001
5.880000e+002 -7.079798e-001
5.890000e+002 -5.876747e-001
5.900000e+002 -3.061679e-001
5.910000e+002 8.971578e-002
5.920000e+002 5.247918e-001
5.930000e+002 9.090198e-001
5.940000e+002 1.155259e+000
5.950000e+002 1.198082e+000
5.960000e+002 1.009457e+000
5.970000e+002 6.075936e-001
5.980000e+002 5.630806e-002
5.990000e+002 -5.454985e-001
6.000000e+002 -1.082443e+000
6.010000e+002 -1.445819e+000
6.020000e+002 -1.556598e+000
6.030000e+002 -1.382681e+000
6.040000e+002 -9.468479e-001
6.050000e+002 -3.230403e-001
6.060000e+002 3.781666e-001
6.070000e+002 1.032551e+000
6.080000e+002 1.527907e+000
6.090000e+002 1.787298e+000
6.100000e+002 1.784362e+000
6.110000e+002 1.547295e+000
6.120000e+002 1.150757e+000
6.130000e+002 6.972483e-001
6.140000e+002 2.928762e-001
6.150000e+002 2.298860e-002
6.160000e+002 -6.673829e-002
6.170000e+002 2.102683e-002
6.180000e+002 2.385186e-001
6.190000e+002 5.070143e-001
6.200000e+002 7.384257e-001
6.210000e+002 8.587246e-001
6.220000e+002 8.273522e-001
6.230000e+002 6.477302e-001
6.240000e+002 3.662863e-001
6.250000e+002 6.015164e-002
6.260000e+002 -1.832350e-001
6.270000e+002 -2.894095e-001
6.280000e+002 -2.173323e-001
6.290000e+002 2.857956e-002
6.300000e+002 3.978891e-001
6.310000e+002 8.051770e-001
6.320000e+002 1.150395e+000
6.330000e+002 1.343100e+000
6.340000e+002 1.324996e+000
6.350000e+002 1.084599e+000
6.360000e+002 6.607878e-001
6.370000e+002 1.337999e-001
6.380000e+002 -3.934469e-001
6.390000e+002 -8.201408e-001
6.400000e+002 -1.071245e+000
6.410000e+002 -1.114759e+000
6.420000e+002 -9.683774e-001
6.430000e+002 -6.934834e-001
6.440000e+002 -3.785096e-001
6.450000e+002 -1.157490e-001
6.460000e+002 2.250165e-002
6.470000e+002 2.172936e-003
6.480000e+002 -1.641931e-001
6.490000e+002 -4.214380e-001
6.500000e+002 -6.866806e-001
6.510000e+002 -8.715379e-001
6.520000e+002 -9.056940e-001
6.530000e+002 -7.560027e-001
6.540000e+002 -4.358403e-001
6.550000e+002 -2.624393e-003
6.560000e+002 4.559958e-001
6.570000e+002 8.439059e-001
6.580000e+002 1.080498e+000
6.590000e+002 1.120696e+000
6.600000e+002 9.660070e-001
6.610000e+002 6.638561e-001
6.620000e+002 2.950993e-001
6.630000e+002 -4.671422e-002
6.640000e+002 -2.791204e-001
6.650000e+002 -3.515643e-001
6.660000e+002 -2.576873e-001
6.670000e+002 -3.613842e-002
6.680000e+002 2.403463e-001
6.690000e+002 4.846678e-001
6.700000e+002 6.188012e-001
6.710000e+002 5.948813e-001
6.720000e+002 4.082305e-001
6.730000e+002 9.920032e-002
6.740000e+002 -2.569754e-001
6.750000e+002 -5.694135e-001
6.760000e+002 -7.552289e-001
6.770000e+002 -7.613509e-001
6.780000e+002 -5.787522e-001
6.790000e+002 -2.455284e-001
6.800000e+002 1.620645e-001
6.810000e+002 5.486365e-001
6.820000e+002 8.236198e-001
6.830000e+002 9.243073e-001
6.840000e+002 8.319235e-001
6.850000e+002 5.769393e-001
6.860000e+002 2.317551e-001
6.870000e+002 -1.069793e-001
6.880000e+002 -3.422307e-001
6.890000e+002 -4.005769e-001
6.900000e+002 -2.505107e-001
6.910000e+002 8.961147e-002
6.920000e+002 5.558052e-001
6.930000e+002 1.053581e+000
6.940000e+002 1.480035e+000
6.950000e+002 1.747823e+000
6.960000e+002 1.804531e+000
6.970000e+002 1.643247e+000
6.980000e+002 1.302151e+000
6.990000e+002 8.533860e-001
7.000000e+002 3.848139e-001
7.010000e+002 -2.086076e-002
7.020000e+002 -3.039759e-001
7.030000e+002 -4.385335e-001
7.040000e+002 -4.337996e-001
7.050000e+002 -3.265378e-001
7.060000e+002 -1.672440e-001
7.070000e+002 -4.373491e-003
7.080000e+002 1.288754e-001
7.090000e+002 2.214827e-001
7.100000e+002 2.837096e-001
7.110000e+002 3.388582e-001
7.120000e+002 4.109280e-001
7.130000e+002 5.119509e-001
7.140000e+002 6.334021e-001
7.150000e+002 7.446760e-001
7.160000e+002 7.995846e-001
7.170000e+002 7.493972e-001
7.180000e+002 5.588583e-001
7.190000e+002 2.205343e-001
7.200000e+002 -2.370117e-001
7.210000e+002 -7.501298e-001
7.220000e+002 -1.231086e+000
7.230000e+002 -1.586547e+000
7.240000e+002 -1.739656e+000
7.250000e+002 -1.649892e+000
7.260000e+002 -1.325383e+000
7.270000e+002 -8.242859e-001
7.280000e+002 -2.437471e-001
7.290000e+002 3.009884e-001
7.300000e+002 7.026589e-001
7.310000e+002 8.873284e-001
7.320000e+002 8.321064e-001
7.330000e+002 5.710659e-001
7.340000e+002 1.873974e-001
7.350000e+002 -2.064676e-001
7.360000e+002 -4.964153e-001
7.370000e+002 -5.947417e-001
7.380000e+002 -4.623556e-001
7.390000e+002 -1.191313e-001
7.400000e+002 3.599418e-001
7.410000e+002 8.625072e-001
7.420000e+002 1.265840e+000
7.430000e+002 1.466809e+000
7.440000e+002 1.407290e+000
7.450000e+002 1.089087e+000
7.460000e+002 5.742082e-001
7.470000e+002 -2.932286e-002
7.480000e+002 -5.928104e-001
7.490000e+002 -9.970156e-001
7.500000e+002 -1.160307e+000
7.510000e+002 -1.057240e+000
7.520000e+002 -7.237347e-001
7.530000e+002 -2.473494e-001
7.540000e+002 2.544650e-001
7.550000e+002 6.632931e-001
7.560000e+002 8.880115e-001
7.570000e+002 8.860756e-001
7.580000e+002 6.725607e-001
7.590000e+002 3.149367e-001
7.600000e+002 -8.481811e-002
7.610000e+002 -4.160819e-001
7.620000e+002 -5.869946e-001
7.630000e+002 -5.466183e-001
7.640000e+002 -2.965937e-001
7.650000e+002 1.104149e-001
7.660000e+002 5.847102e-001
7.670000e+002 1.022225e+000
7.680000e+002 1.330042e+000
7.690000e+002 1.448567e+000
7.700000e+002 1.364794e+000
7.710000e+002 1.113742e+000
7.720000e+002 7.681223e-001
7.730000e+002 4.191957e-001
7.740000e+002 1.535143e-001
7.750000e+002 3.196895e-002
7.760000e+002 7.569590e-002
7.770000e+002 2.624106e-001
7.780000e+002 5.335585e-001
7.790000e+002 8.100676e-001
7.800000e+002 1.012650e+000
7.810000e+002 1.081295e+000
7.820000e+002 9.891981e-001
7.830000e+002 7.481848e-001
7.840000e+002 4.044350e-001
7.850000e+002 2.612466e-002
7.860000e+002 -3.133989e-001
7.870000e+002 -5.527907e-001
7.880000e+002 -6.558863e-001
7.890000e+002 -6.179185e-001
7.900000e+002 -4.638388e-001
7.910000e+002 -2.397612e-001
7.920000e+002 -2.459250e-004
7.930000e+002 2.050666e-001
7.940000e+002 3.418736e-001
7.950000e+002 3.965054e-001
7.960000e+002 3.752145e-001
7.970000e+002 2.981978e-001
7.980000e+002 1.908720e-001
7.990000e+002 7.504368e-002
8.000000e+002 -3.720850e-002
8.010000e+002 -1.454884e-001
8.020000e+002 -2.582295e-001
8.030000e+002 -3.864844e-001
8.040000e+002 -5.365739e-001
8.050000e+002 -7.037501e-001
8.060000e+002 -8.696212e-001
8.070000e+002 -1.003974e+000
8.080000e+002 -1.070954e+000
8.090000e+002 -1.038057e+000
8.100000e+002 -8.855698e-001
8.110000e+002 -6.135976e-001
8.120000e+002 -2.448838e-001
8.130000e+002 1.777867e-001
8.140000e+002 5.988560e-001
8.150000e+002 9.607420e-001
8.160000e+002 1.215023e+000
8.170000e+002 1.331602e+000
8.180000e+002 1.303790e+000
8.190000e+002 1.148312e+000
8.200000e+002 9.001569e-001
8.210000e+002 6.043358e-001
8.220000e+002 3.062766e-001
8.230000e+002 4.352602e-002
8.240000e+002 -1.596057e-001
8.250000e+002 -2.934231e-001
8.260000e+002 -3.606443e-001
8.270000e+002 -3.718281e-001
8.280000e+002 -3.401614e-001
8.290000e+002 -2.773311e-001
8.300000e+002 -1.917852e-001
8.310000e+002 -8.927651e-002
8.320000e+002 2.462819e-002
8.330000e+002 1.416205e-001
8.340000e+002 2.490815e-001
8.350000e+002 3.305260e-001
8.360000e+002 3.689192e-001
8.370000e+002 3.518509e-001
8.380000e+002 2.772162e-001
8.390000e+002 1.572528e-001
8.400000e+002 1.932698e-002
8.410000e+002 -9.783509e-002
8.420000e+002 -1.519647e-001
8.430000e+002 -1.077516e-001
8.440000e+002 5.257194e-002
8.450000e+002 3.216444e-001
8.460000e+002 6.646754e-001
8.470000e+002 1.024009e+000
8.480000e+002 1.330135e+000
8.490000e+002 1.516851e+000
8.500000e+002 1.537360e+000
8.510000e+002 1.377127e+000
8.520000e+002 1.059972e+000
8.530000e+002 6.453583e-001
8.540000e+002 2.168801e-001
8.550000e+002 -1.359016e-001
8.560000e+002 -3.379957e-001
8.570000e+002 -3.473454e-001
8.580000e+002 -1.659488e-001
8.590000e+002 1.589277e-001
8.600000e+002 5.443767e-001
8.610000e+002 8.905195e-001
8.620000e+002 1.103561e+000
8.630000e+002 1.118500e+000
8.640000e+002 9.151599e-001
8.650000e+002 5.241830e-001
8.660000e+002 2.088714e-002
8.670000e+002 -4.916600e-001
8.680000e+002 -9.063331e-001
8.690000e+002 -1.136931e+000
8.700000e+002 -1.138379e+000
8.710000e+002 -9.173390e-001
8.720000e+002 -5.304286e-001
8.730000e+002 -7.068706e-002
8.740000e+002 3.544958e-001
8.750000e+002 6.487172e-001
8.760000e+002 7.488353e-001
8.770000e+002 6.389249e-001
8.780000e+002 3.526154e-001
8.790000e+002 -3.659296e-002
8.800000e+002 -4.344580e-001
8.810000e+002 -7.495675e-001
8.820000e+002 -9.155024e-001
8.830000e+002 -9.060231e-001
8.840000e+002 -7.397957e-001
8.850000e+002 -4.734505e-001
8.860000e+002 -1.852117e-001
8.870000e+002 4.653802e-002
8.880000e+002 1.642241e-001
8.890000e+002 1.460503e-001
8.900000e+002 1.132098e-002
8.910000e+002 -1.853123e-001
8.920000e+002 -3.688084e-001
8.930000e+002 -4.641852e-001
8.940000e+002 -4.168918e-001
8.950000e+002 -2.078579e-001
8.960000e+002 1.405167e-001
8.970000e+002 5.688207e-001
8.980000e+002 9.947298e-001
8.990000e+002 1.332445e+000
9.000000e+002 1.512875e+000
9.010000e+002 1.499547e+000
9.020000e+002 1.296019e+000
9.030000e+002 9.436502e-001
9.040000e+002 5.103536e-001
9.050000e+002 7.364532e-002
9.060000e+002 -2.972559e-001
9.070000e+002 -5.560035e-001
9.080000e+002 -6.866370e-001
9.090000e+002 -7.025204e-001
9.100000e+002 -6.375998e-001
9.110000e+002 -5.332745e-001
9.120000e+002 -4.243353e-001
9.130000e+002 -3.288735e-001
9.140000e+002 -2.443807e-001
9.150000e+002 -1.514259e-001
9.160000e+002 -2.339779e-002
9.170000e+002 1.607900e-001
9.180000e+002 4.052738e-001
9.190000e+002 6.908168e-001
9.200000e+002 9.755494e-001
9.210000e+002 1.204125e+000
9.220000e+002 1.321834e+000
9.230000e+002 1.290977e+000
9.240000e+002 1.104213e+000
9.250000e+002 7.909410e-001
9.260000e+002 4.141700e-001
9.270000e+002 5.801356e-002
9.280000e+002 -1.916270e-001
9.290000e+002 -2.684761e-001
9.300000e+002 -1.439439e-001
9.310000e+002 1.631682e-001
9.320000e+002 5.883005e-001
9.330000e+002 1.034296e+000
9.340000e+002 1.393235e+000
9.350000e+002 1.572033e+000
9.360000e+002 1.515291e+000
9.370000e+002 1.219784e+000
9.380000e+002 7.365445e-001
9.390000e+002 1.601095e-001
9.400000e+002 -3.933116e-001
9.410000e+002 -8.128753e-001
9.420000e+002 -1.019221e+000
9.430000e+002 -9.830043e-001
9.440000e+002 -7.313886e-001
9.450000e+002 -3.406611e-001
9.460000e+002 8.302441e-002
9.470000e+002 4.300131e-001
9.480000e+002 6.140009e-001
9.490000e+002 5.927910e-001
9.500000e+002 3.775611e-001
9.510000e+002 2.863008e-002
9.520000e+002 -3.612191e-001
9.530000e+002 -6.911996e-001
9.540000e+002 -8.788475e-001
9.550000e+002 -8.809304e-001
9.560000e+002 -7.039292e-001
9.570000e+002 -4.013005e-001
9.580000e+002 -5.862802e-002
9.590000e+002 2.298669e-001
9.600000e+002 3.865882e-001
9.610000e+002 3.713963e-001
9.620000e+002 1.921492e-001
9.630000e+002 -9.744960e-002
9.640000e+002 -4.125561e-001
9.650000e+002 -6.601300e-001
9.660000e+002 -7.643284e-001
9.670000e+002 -6.873074e-001
9.680000e+002 -4.400000e-001
9.690000e+002 -7.970285e-002
9.700000e+002 3.049588e-001
9.710000e+002 6.176347e-001
9.720000e+002 7.807484e-001
9.730000e+002 7.571167e-001
9.740000e+002 5.612786e-001
9.750000e+002 2.570502e-001
9.760000e+002 -5.838084e-002
9.770000e+002 -2.799920e-001
9.780000e+002 -3.236827e-001
9.790000e+002 -1.503106e-001
9.800000e+002 2.207969e-001
9.810000e+002 7.132856e-001
9.820000e+002 1.210119e+000
9.830000e+002 1.581475e+000
9.840000e+002 1.716617e+000
9.850000e+002 1.552985e+000
9.860000e+002 1.094160e+000
9.870000e+002 4.124288e-001
9.880000e+002 -3.651838e-001
9.890000e+002 -1.084922e+000
9.900000e+002 -1.600343e+000
9.910000e+002 -1.806160e+000
9.920000e+002 -1.662294e+000
9.930000e+002 -1.202801e+000
9.940000e+002 -5.274769e-001
9.950000e+002 2.215331e-001
9.960000e+002 8.929682e-001
9.970000e+002 1.361588e+000
9.980000e+002 1.555489e+000
9.990000e+002 1.470964e+000
1.000000e+003 1.170099e+000
1.001000e+003 7.626830e-001
1.002000e+003 3.770941e-001
1.003000e+003 1.270276e-001
1.004000e+003 8.332092e-002
1.005000e+003 2.567604e-001
1.006000e+003 5.966055e-001
1.007000e+003 1.004547e+000
1.008000e+003 1.361099e+000
1.009000e+003 1.556350e+000
1.010000e+003 1.518955e+000
1.011000e+003 1.234655e+000
1.012000e+003 7.509892e-001
1.013000e+003 1.659364e-001
1.014000e+003 -3.953197e-001
1.015000e+003 -8.107034e-001
1.016000e+003 -9.909598e-001
1.017000e+003 -9.010321e-001
1.018000e+003 -5.684584e-001
1.019000e+003 -7.689881e-002
1.020000e+003 4.536248e-001
1.021000e+003 8.951626e-001
1.022000e+003 1.140930e+000
1.023000e+003 1.129813e+000
1.024000e+003 8.590671e-001
1.025000e+003 3.838267e-001
1.026000e+003 -1.971862e-001
1.027000e+003 -7.646385e-001
1.028000e+003 -1.206067e+000
1.029000e+003 -1.439889e+000
1.030000e+003 -1.431724e+000
1.031000e+003 -1.199052e+000
1.032000e+003 -8.039824e-001
1.033000e+003 -3.365628e-001
1.034000e+003 1.066689e-001
1.035000e+003 4.439582e-001
1.036000e+003 6.244230e-001
1.037000e+003 6.354241e-001
1.038000e+003 5.006852e-001
1.039000e+003 2.704018e-001
1.040000e+003 6.562740e-003
1.041000e+003 -2.325582e-001
1.042000e+003 -4.044747e-001
1.043000e+003 -4.891877e-001
1.044000e+003 -4.890158e-001
1.045000e+003 -4.228702e-001
1.046000e+003 -3.173328e-001
1.047000e+003 -1.972896e-001
1.048000e+003 -7.929809e-002
1.049000e+003 3.121527e-002
1.050000e+003 1.379286e-001
1.051000e+003 2.487262e-001
1.052000e+003 3.690602e-001
1.053000e+003 4.968427e-001
1.054000e+003 6.203629e-001
1.055000e+003 7.200202e-001
1.056000e+003 7.736636e-001
1.057000e+003 7.638308e-001
1.058000e+003 6.845204e-001
1.059000e+003 5.451673e-001
1.060000e+003 3.706852e-001
1.061000e+003 1.964354e-001
1.062000e+003 6.004012e-002
1.063000e+003 -8.625790e-003
1.064000e+003 4.058212e-003
1.065000e+003 9.056069e-002
1.066000e+003 2.228084e-001
1.067000e+003 3.582313e-001
1.068000e+003 4.501254e-001
1.069000e+003 4.598054e-001
1.070000e+003 3.674996e-001
1.071000e+003 1.789897e-001
1.072000e+003 -7.390144e-002
1.073000e+003 -3.390122e-001
1.074000e+003 -5.552353e-001
1.075000e+003 -6.657842e-001
1.076000e+003 -6.318364e-001
1.077000e+003 -4.416103e-001
1.078000e+003 -1.138086e-001
1.079000e+003 3.060942e-001
1.080000e+003 7.548696e-001
1.081000e+003 1.164880e+000
1.082000e+003 1.477657e+000
1.083000e+003 1.654608e+000
1.084000e+003 1.683266e+000
1.085000e+003 1.576989e+000
1.086000e+003 1.369264e+000
1.087000e+003 1.103976e+000
1.088000e+003 8.249147e-001
1.089000e+003 5.663821e-001
1.090000e+003 3.477145e-001
1.091000e+003 1.727347e-001
1.092000e+003 3.327161e-002
1.093000e+003 -8.413781e-002
1.094000e+003 -1.909663e-001
1.095000e+003 -2.912138e-001
1.096000e+003 -3.789749e-001
1.097000e+003 -4.402582e-001
1.098000e+003 -4.578756e-001
1.099000e+003 -4.184387e-001
1.100000e+003 -3.187571e-001
1.101000e+003 -1.697772e-001
1.102000e+003 3.396064e-003
1.103000e+003 1.656435e-001
1.104000e+003 2.794531e-001
1.105000e+003 3.141698e-001
1.106000e+003 2.537972e-001
1.107000e+003 1.023504e-001
1.108000e+003 -1.159151e-001
1.109000e+003 -3.609709e-001
1.110000e+003 -5.855280e-001
1.111000e+003 -7.454444e-001
1.112000e+003 -8.095664e-001
1.113000e+003 -7.666993e-001
1.114000e+003 -6.276446e-001
1.115000e+003 -4.222805e-001
1.116000e+003 -1.921546e-001
1.117000e+003 1.922268e-002
1.118000e+003 1.766219e-001
1.119000e+003 2.602753e-001
1.120000e+003 2.694764e-001
1.121000e+003 2.209675e-001
1.122000e+003 1.433431e-001
1.123000e+003 6.864336e-002
1.124000e+003 2.384962e-002
1.125000e+003 2.392387e-002
1.126000e+003 6.882398e-002
1.127000e+003 1.445584e-001
1.128000e+003 2.281448e-001
1.129000e+003 2.948547e-001
1.130000e+003 3.257189e-001
1.131000e+003 3.133800e-001
1.132000e+003 2.644286e-001
1.133000e+003 1.978157e-001
1.134000e+003 1.397919e-001
1.135000e+003 1.166104e-001
1.136000e+003 1.470609e-001
1.137000e+003 2.368202e-001
1.138000e+003 3.759534e-001
1.139000e+003 5.403790e-001
1.140000e+003 6.968201e-001
1.141000e+003 8.102363e-001
1.142000e+003 8.514909e-001
1.143000e+003 8.039532e-001
1.144000e+003 6.671692e-001
1.145000e+003 4.570956e-001
1.146000e+003 2.027829e-001
1.147000e+003 -5.921173e-002
1.148000e+003 -2.916119e-001
1.149000e+003 -4.628011e-001
1.150000e+003 -5.513480e-001
1.151000e+003 -5.484480e-001
1.152000e+003 -4.575393e-001
1.153000e+003 -2.922832e-001
1.154000e+003 -7.327747e-002
1.155000e+003 1.753355e-001
1.156000e+003 4.289233e-001
1.157000e+003 6.644503e-001
1.158000e+003 8.621159e-001
1.159000e+003 1.006271e+000
1.160000e+003 1.086610e+000
1.161000e+003 1.099277e+000
1.162000e+003 1.047955e+000
1.163000e+003 9.445011e-001
1.164000e+003 8.085113e-001
1.165000e+003 6.652128e-001
1.166000e+003 5.414965e-001
1.167000e+003 4.606952e-001
1.168000e+003 4.368314e-001
1.169000e+003 4.697992e-001
1.170000e+003 5.431160e-001
1.171000e+003 6.252037e-001
1.172000e+003 6.747359e-001
1.173000e+003 6.493542e-001
1.174000e+003 5.162863e-001
1.175000e+003 2.623509e-001
1.176000e+003 -9.926355e-002
1.177000e+003 -5.273790e-001
1.178000e+003 -9.577036e-001
1.179000e+003 -1.314208e+000
1.180000e+003 -1.523946e+000
1.181000e+003 -1.533794e+000
1.182000e+003 -1.324056e+000
1.183000e+003 -9.163272e-001
1.184000e+003 -3.725619e-001
1.185000e+003 2.142763e-001
1.186000e+003 7.377169e-001
1.187000e+003 1.098548e+000
1.188000e+003 1.226037e+000
1.189000e+003 1.093513e+000
1.190000e+003 7.253261e-001
1.191000e+003 1.933168e-001
1.192000e+003 -3.976585e-001
1.193000e+003 -9.302086e-001
1.194000e+003 -1.299749e+000
1.195000e+003 -1.435450e+000
1.196000e+003 -1.315129e+000
1.197000e+003 -9.689602e-001
1.198000e+003 -4.720017e-001
1.199000e+003 7.328856e-002
1.200000e+003 5.595396e-001
1.201000e+003 8.983181e-001
1.202000e+003 1.038586e+000
1.203000e+003 9.759853e-001
1.204000e+003 7.515266e-001
1.205000e+003 4.395028e-001
1.206000e+003 1.284147e-001
1.207000e+003 -1.010859e-001
1.208000e+003 -1.949050e-001
1.209000e+003 -1.376463e-001
1.210000e+003 4.571747e-002
1.211000e+003 2.979226e-001
1.212000e+003 5.457181e-001
1.213000e+003 7.192626e-001
1.214000e+003 7.706283e-001
1.215000e+003 6.861085e-001
1.216000e+003 4.892733e-001
1.217000e+003 2.346429e-001
1.218000e+003 -6.914977e-003
1.219000e+003 -1.669051e-001
1.220000e+003 -1.977889e-001
1.221000e+003 -8.547509e-002
1.222000e+003 1.458108e-001
1.223000e+003 4.390839e-001
1.224000e+003 7.182467e-001
1.225000e+003 9.072133e-001
1.226000e+003 9.489230e-001
1.227000e+003 8.202748e-001
1.228000e+003 5.389183e-001
1.229000e+003 1.600050e-001
1.230000e+003 -2.360896e-001
1.231000e+003 -5.620136e-001
1.232000e+003 -7.438327e-001
1.233000e+003 -7.377583e-001
1.234000e+003 -5.403059e-001
1.235000e+003 -1.882523e-001
1.236000e+003 2.499840e-001
1.237000e+003 6.909649e-001
1.238000e+003 1.055121e+000
1.239000e+003 1.284413e+000
1.240000e+003 1.354403e+000
1.241000e+003 1.277312e+000
1.242000e+003 1.096507e+000
1.243000e+003 8.733723e-001
1.244000e+003 6.706285e-001
1.245000e+003 5.357587e-001
1.246000e+003 4.894500e-001
1.247000e+003 5.211782e-001
1.248000e+003 5.933020e-001
1.249000e+003 6.525404e-001
1.250000e+003 6.450208e-001
1.251000e+003 5.322738e-001
1.252000e+003 3.024561e-001
1.253000e+003 -2.484792e-002
1.254000e+003 -4.020383e-001
1.255000e+003 -7.644259e-001
1.256000e+003 -1.045326e+000
1.257000e+003 -1.192313e+000
1.258000e+003 -1.180030e+000
1.259000e+003 -1.016513e+000
1.260000e+003 -7.414409e-001
1.261000e+003 -4.170427e-001
1.262000e+003 -1.132698e-001
1.263000e+003 1.084728e-001
1.264000e+003 2.094734e-001
1.265000e+003 1.821598e-001
1.266000e+003 5.095863e-002
1.267000e+003 -1.346873e-001
1.268000e+003 -3.132045e-001
1.269000e+003 -4.265187e-001
1.270000e+003 -4.347968e-001
1.271000e+003 -3.261483e-001
1.272000e+003 -1.199380e-001
1.273000e+003 1.382051e-001
1.274000e+003 3.873552e-001
1.275000e+003 5.662396e-001
1.276000e+003 6.282241e-001
1.277000e+003 5.529274e-001
1.278000e+003 3.515893e-001
1.279000e+003 6.521277e-002
1.280000e+003 -2.442214e-001
1.281000e+003 -5.073261e-001
1.282000e+003 -6.624250e-001
1.283000e+003 -6.690007e-001
1.284000e+003 -5.160104e-001
1.285000e+003 -2.242123e-001
1.286000e+003 1.586438e-001
1.287000e+003 5.678065e-001
1.288000e+003 9.349129e-001
1.289000e+003 1.200940e+000
1.290000e+003 1.327065e+000
1.291000e+003 1.300484e+000
1.292000e+003 1.134670e+000
1.293000e+003 8.648404e-001
1.294000e+003 5.393864e-001
1.295000e+003 2.102975e-001
1.296000e+003 -7.624240e-002
1.297000e+003 -2.863643e-001
1.298000e+003 -4.018666e-001
1.299000e+003 -4.202467e-001
1.300000e+003 -3.517320e-001
1.301000e+003 -2.150952e-001
1.302000e+003 -3.331274e-002
1.303000e+003 1.698904e-001
1.304000e+003 3.722677e-001
1.305000e+003 5.537549e-001
1.306000e+003 6.965780e-001
1.307000e+003 7.854743e-001
1.308000e+003 8.084065e-001
1.309000e+003 7.585443e-001
1.310000e+003 6.365052e-001
1.311000e+003 4.528664e-001
1.312000e+003 2.294008e-001
1.313000e+003 -1.817495e-003
1.314000e+003 -2.017879e-001
1.315000e+003 -3.304332e-001
1.316000e+003 -3.541620e-001
1.317000e+003 -2.535580e-001
1.318000e+003 -2.922563e-002
1.319000e+003 2.955683e-001
1.320000e+003 6.765426e-001
1.321000e+003 1.054832e+000
1.322000e+003 1.367124e+000
1.323000e+003 1.557164e+000
1.324000e+003 1.587163e+000
1.325000e+003 1.445711e+000
1.326000e+003 1.150938e+000
1.327000e+003 7.474399e-001
1.328000e+003 2.981291e-001
1.329000e+003 -1.285702e-001
1.330000e+003 -4.719372e-001
1.331000e+003 -6.912670e-001
1.332000e+003 -7.735266e-001
1.333000e+003 -7.349710e-001
1.334000e+003 -6.161519e-001
1.335000e+003 -4.716568e-001
1.336000e+003 -3.567762e-001
1.337000e+003 -3.137125e-001
1.338000e+003 -3.615746e-001
1.339000e+003 -4.913065e-001
1.340000e+003 -6.679237e-001
1.341000e+003 -8.386902e-001
1.342000e+003 -9.463422e-001
1.343000e+003 -9.432472e-001
1.344000e+003 -8.042524e-001
1.345000e+003 -5.341501e-001
1.346000e+003 -1.687216e-001
1.347000e+003 2.320438e-001
1.348000e+003 5.960826e-001
1.349000e+003 8.549385e-001
1.350000e+003 9.594355e-001
1.351000e+003 8.907771e-001
1.352000e+003 6.656997e-001
1.353000e+003 3.334819e-001
1.354000e+003 -3.415232e-002
1.355000e+003 -3.586845e-001
1.356000e+003 -5.715665e-001
1.357000e+003 -6.293105e-001
1.358000e+003 -5.228115e-001
1.359000e+003 -2.789119e-001
1.360000e+003 4.592347e-002
1.361000e+003 3.787718e-001
1.362000e+003 6.472043e-001
1.363000e+003 7.957167e-001
1.364000e+003 7.984680e-001
1.365000e+003 6.649181e-001
1.366000e+003 4.372227e-001
1.367000e+003 1.800404e-001
1.368000e+003 -3.520009e-002
1.369000e+003 -1.471867e-001
1.370000e+003 -1.200084e-001
1.371000e+003 4.819782e-002
1.372000e+003 3.240073e-001
1.373000e+003 6.461489e-001
1.374000e+003 9.391738e-001
1.375000e+003 1.131180e+000
1.376000e+003 1.170216e+000
1.377000e+003 1.036882e+000
1.378000e+003 7.491919e-001
1.379000e+003 3.592182e-001
1.380000e+003 -5.833797e-002
1.381000e+003 -4.221287e-001
1.382000e+003 -6.618872e-001
1.383000e+003 -7.337446e-001
1.384000e+003 -6.287009e-001
1.385000e+003 -3.738737e-001
1.386000e+003 -2.553397e-002
1.387000e+003 3.444229e-001
1.388000e+003 6.648548e-001
1.389000e+003 8.806622e-001
1.390000e+003 9.639946e-001
1.391000e+003 9.186797e-001
1.392000e+003 7.766703e-001
1.393000e+003 5.883975e-001
1.394000e+003 4.091212e-001
1.395000e+003 2.848675e-001
1.396000e+003 2.414663e-001
1.397000e+003 2.794933e-001
1.398000e+003 3.759145e-001
1.399000e+003 4.917418e-001
1.400000e+003 5.840257e-001
1.401000e+003 6.182743e-001
1.402000e+003 5.783192e-001
1.403000e+003 4.709398e-001
1.404000e+003 3.239907e-001
1.405000e+003 1.782517e-001
1.406000e+003 7.545707e-002
1.407000e+003 4.556176e-002
1.408000e+003 9.657237e-002
1.409000e+003 2.100123e-001
1.410000e+003 3.435530e-001
1.411000e+003 4.403802e-001
1.412000e+003 4.432989e-001
1.413000e+003 3.102635e-001
1.414000e+003 2.750212e-002
1.415000e+003 -3.834990e-001
1.416000e+003 -8.669538e-001
1.417000e+003 -1.341904e+000
1.418000e+003 -1.718138e+000
1.419000e+003 -1.915354e+000
1.420000e+003 -1.881070e+000
1.421000e+003 -1.603206e+000
1.422000e+003 -1.115062e+000
1.423000e+003 -4.899491e-001
1.424000e+003 1.723945e-001
1.425000e+003 7.648853e-001
1.426000e+003 1.194622e+000
1.427000e+003 1.400620e+000
1.428000e+003 1.365386e+000
1.429000e+003 1.117205e+000
1.430000e+003 7.227665e-001
1.431000e+003 2.721349e-001
1.432000e+003 -1.403048e-001
1.433000e+003 -4.354430e-001
1.434000e+003 -5.645857e-001
1.435000e+003 -5.175106e-001
1.436000e+003 -3.218486e-001
1.437000e+003 -3.448367e-002
1.438000e+003 2.728360e-001
1.439000e+003 5.303274e-001
1.440000e+003 6.851437e-001
1.441000e+003 7.121334e-001
1.442000e+003 6.172784e-001
1.443000e+003 4.343216e-001
1.444000e+003 2.152217e-001
1.445000e+003 1.745307e-002
1.446000e+003 -1.093674e-001
1.447000e+003 -1.340240e-001
1.448000e+003 -4.951903e-002
1.449000e+003 1.267728e-001
1.450000e+003 3.582547e-001
1.451000e+003 5.980412e-001
1.452000e+003 7.993734e-001
1.453000e+003 9.249609e-001
1.454000e+003 9.539030e-001
1.455000e+003 8.840966e-001
1.456000e+003 7.310584e-001
1.457000e+003 5.231160e-001
1.458000e+003 2.950452e-001
1.459000e+003 8.085260e-002
1.460000e+003 -9.149462e-002
1.461000e+003 -2.037675e-001
1.462000e+003 -2.489075e-001
1.463000e+003 -2.295923e-001
1.464000e+003 -1.561803e-001
1.465000e+003 -4.347205e-002
1.466000e+003 9.185490e-002
1.467000e+003 2.337633e-001
1.468000e+003 3.680263e-001
1.469000e+003 4.830788e-001
1.470000e+003 5.707148e-001
1.471000e+003 6.260707e-001
1.472000e+003 6.482115e-001
1.473000e+003 6.402190e-001
1.474000e+003 6.091126e-001
1.475000e+003 5.650234e-001
1.476000e+003 5.195521e-001
1.477000e+003 4.835134e-001
1.478000e+003 4.641937e-001
1.479000e+003 4.633569e-001
1.480000e+003 4.756687e-001
1.481000e+003 4.894113e-001
1.482000e+003 4.883733e-001
1.483000e+003 4.557167e-001
1.484000e+003 3.785465e-001
1.485000e+003 2.518713e-001
1.486000e+003 8.158739e-002
1.487000e+003 -1.154155e-001
1.488000e+003 -3.134737e-001
1.489000e+003 -4.833319e-001
1.490000e+003 -5.984941e-001
1.491000e+003 -6.418480e-001
1.492000e+003 -6.103873e-001
1.493000e+003 -5.174484e-001
1.494000e+003 -3.906623e-001
1.495000e+003 -2.665089e-001
1.496000e+003 -1.824983e-001
1.497000e+003 -1.679584e-001
1.498000e+003 -2.364476e-001
1.499000e+003 -3.810519e-001
1.500000e+003 -5.744361e-001
1.501000e+003 -7.729803e-001
1.502000e+003 -9.255552e-001
1.503000e+003 -9.842892e-001
1.504000e+003 -9.149005e-001
1.505000e+003 -7.052552e-001
1.506000e+003 -3.690800e-001
1.507000e+003 5.517638e-002
1.508000e+003 5.111140e-001
1.509000e+003 9.339789e-001
1.510000e+003 1.262938e+000
1.511000e+003 1.451792e+000
1.512000e+003 1.476911e+000
1.513000e+003 1.340999e+000
1.514000e+003 1.071279e+000
1.515000e+003 7.137569e-001
1.516000e+003 3.241894e-001
1.517000e+003 -4.169023e-002
1.518000e+003 -3.371540e-001
1.519000e+003 -5.305871e-001
1.520000e+003 -6.083283e-001
1.521000e+003 -5.739535e-001
1.522000e+003 -4.447671e-001
1.523000e+003 -2.468096e-001
1.524000e+003 -9.491682e-003
1.525000e+003 2.386085e-001
1.526000e+003 4.729024e-001
1.527000e+003 6.738839e-001
1.528000e+003 8.273039e-001
1.529000e+003 9.236565e-001
1.530000e+003 9.576955e-001
1.531000e+003 9.285586e-001
1.532000e+003 8.400845e-001
1.533000e+003 7.015759e-001
1.534000e+003 5.279981e-001
1.535000e+003 3.393667e-001
1.536000e+003 1.586790e-001
1.537000e+003 8.883119e-003
1.538000e+003 -9.102565e-002
1.539000e+003 -1.295958e-001
1.540000e+003 -1.055057e-001
1.541000e+003 -2.818573e-002
1.542000e+003 8.377260e-002
1.543000e+003 2.062776e-001
1.544000e+003 3.150042e-001
1.545000e+003 3.903401e-001
1.546000e+003 4.219137e-001
1.547000e+003 4.104568e-001
1.548000e+003 3.673286e-001
1.549000e+003 3.114044e-001
1.550000e+003 2.642152e-001
1.551000e+003 2.444404e-001
1.552000e+003 2.633892e-001
1.553000e+003 3.220989e-001
1.554000e+003 4.113757e-001
1.555000e+003 5.140383e-001
1.556000e+003 6.091150e-001
1.557000e+003 6.767135e-001
1.558000e+003 7.023082e-001
1.559000e+003 6.791345e-001
1.560000e+003 6.087258e-001
1.561000e+003 4.991362e-001
1.562000e+003 3.618995e-001
1.563000e+003 2.086539e-001
1.564000e+003 4.856211e-002
1.565000e+003 -1.125258e-001
1.566000e+003 -2.714539e-001
1.567000e+003 -4.254586e-001
1.568000e+003 -5.695719e-001
1.569000e+003 -6.950427e-001
1.570000e+003 -7.889566e-001
1.571000e+003 -8.365064e-001
1.572000e+003 -8.249866e-001
1.573000e+003 -7.485167e-001
1.574000e+003 -6.121864e-001
1.575000e+003 -4.342145e-001
1.576000e+003 -2.443542e-001
1.577000e+003 -7.896158e-002
1.578000e+003 2.690566e-002
1.579000e+003 4.843549e-002
1.580000e+003 -2.097143e-002
1.581000e+003 -1.653828e-001
1.582000e+003 -3.473480e-001
1.583000e+003 -5.140132e-001
1.584000e+003 -6.086327e-001
1.585000e+003 -5.838915e-001
1.586000e+003 -4.147457e-001
1.587000e+003 -1.068515e-001
1.588000e+003 3.012270e-001
1.589000e+003 7.439270e-001
1.590000e+003 1.141693e+000
1.591000e+003 1.417659e+000
1.592000e+003 1.515669e+000
1.593000e+003 1.413955e+000
1.594000e+003 1.131742e+000
1.595000e+003 7.262377e-001
1.596000e+003 2.811186e-001
1.597000e+003 -1.125544e-001
1.598000e+003 -3.767915e-001
1.599000e+003 -4.651166e-001
1.600000e+003 -3.736075e-001
1.601000e+003 -1.417224e-001
1.602000e+003 1.577043e-001
1.603000e+003 4.365697e-001
1.604000e+003 6.142927e-001
1.605000e+003 6.390164e-001
1.606000e+003 5.020556e-001
1.607000e+003 2.413325e-001
1.608000e+003 -6.664953e-002
1.609000e+003 -3.257717e-001
1.610000e+003 -4.450715e-001
1.611000e+003 -3.634050e-001
1.612000e+003 -6.783259e-002
1.613000e+003 3.991323e-001
1.614000e+003 9.458525e-001
1.615000e+003 1.451182e+000
1.616000e+003 1.791380e+000
1.617000e+003 1.870386e+000
1.618000e+003 1.644248e+000
1.619000e+003 1.134763e+000
1.620000e+003 4.276110e-001
1.621000e+003 -3.434675e-001
1.622000e+003 -1.025097e+000
1.623000e+003 -1.477946e+000
1.624000e+003 -1.607212e+000
1.625000e+003 -1.384673e+000
1.626000e+003 -8.549892e-001
1.627000e+003 -1.265350e-001
1.628000e+003 6.530225e-001
1.629000e+003 1.328564e+000
1.630000e+003 1.771987e+000
1.631000e+003 1.908784e+000
1.632000e+003 1.732702e+000
1.633000e+003 1.304128e+000
1.634000e+003 7.338356e-001
1.635000e+003 1.548293e-001
1.636000e+003 -3.086765e-001
1.637000e+003 -5.695909e-001
1.638000e+003 -5.962100e-001
1.639000e+003 -4.160851e-001
1.640000e+003 -1.059549e-001
1.641000e+003 2.303234e-001
1.642000e+003 4.886060e-001
1.643000e+003 5.908364e-001
1.644000e+003 5.031459e-001
1.645000e+003 2.421945e-001
1.646000e+003 -1.315716e-001
1.647000e+003 -5.312862e-001
1.648000e+003 -8.674337e-001
1.649000e+003 -1.070452e+000
1.650000e+003 -1.107868e+000
1.651000e+003 -9.904562e-001
1.652000e+003 -7.670513e-001
1.653000e+003 -5.088587e-001
1.654000e+003 -2.892085e-001
1.655000e+003 -1.626741e-001
1.656000e+003 -1.504604e-001
1.657000e+003 -2.354772e-001
1.658000e+003 -3.681355e-001
1.659000e+003 -4.815004e-001
1.660000e+003 -5.110856e-001
1.661000e+003 -4.144955e-001
1.662000e+003 -1.845712e-001
1.663000e+003 1.468453e-001
1.664000e+003 5.160855e-001
1.665000e+003 8.437866e-001
1.666000e+003 1.056360e+000
1.667000e+003 1.105563e+000
1.668000e+003 9.826812e-001
1.669000e+003 7.220626e-001
1.670000e+003 3.934762e-001
1.671000e+003 8.488603e-002
1.672000e+003 -1.200345e-001
1.673000e+003 -1.636122e-001
1.674000e+003 -3.004354e-002
1.675000e+003 2.497141e-001
1.676000e+003 6.048073e-001
1.677000e+003 9.414713e-001
1.678000e+003 1.166615e+000
1.679000e+003 1.211340e+000
1.680000e+003 1.048847e+000
1.681000e+003 7.020033e-001
1.682000e+003 2.387536e-001
1.683000e+003 -2.435722e-001
1.684000e+003 -6.414502e-001
1.685000e+003 -8.693379e-001
1.686000e+003 -8.798894e-001
1.687000e+003 -6.741151e-001
1.688000e+003 -3.002015e-001
1.689000e+003 1.593580e-001
1.690000e+003 6.080234e-001
1.691000e+003 9.585858e-001
1.692000e+003 1.152868e+000
1.693000e+003 1.173243e+000
1.694000e+003 1.044001e+000
1.695000e+003 8.211963e-001
1.696000e+003 5.757277e-001
1.697000e+003 3.730792e-001
1.698000e+003 2.561595e-001
1.699000e+003 2.348983e-001
1.700000e+003 2.860454e-001
1.701000e+003 3.623523e-001
1.702000e+003 4.084058e-001
1.703000e+003 3.789282e-001
1.704000e+003 2.539039e-001
1.705000e+003 4.632640e-002
1.706000e+003 -1.995149e-001
1.707000e+003 -4.190888e-001
1.708000e+003 -5.451088e-001
1.709000e+003 -5.266794e-001
1.710000e+003 -3.446174e-001
1.711000e+003 -1.942250e-002
1.712000e+003 3.915635e-001
1.713000e+003 8.061683e-001
1.714000e+003 1.136693e+000
1.715000e+003 1.310778e+000
1.716000e+003 1.288929e+000
1.717000e+003 1.073984e+000
1.718000e+003 7.101136e-001
1.719000e+003 2.716715e-001
1.720000e+003 -1.557090e-001
1.721000e+003 -4.957607e-001
1.722000e+003 -6.999794e-001
1.723000e+003 -7.580268e-001
1.724000e+003 -6.977361e-001
1.725000e+003 -5.753386e-001
1.726000e+003 -4.578142e-001
1.727000e+003 -4.031280e-001
1.728000e+003 -4.430531e-001
1.729000e+003 -5.736225e-001
1.730000e+003 -7.559978e-001
1.731000e+003 -9.271306e-001
1.732000e+003 -1.018244e+000
1.733000e+003 -9.749215e-001
1.734000e+003 -7.748220e-001
1.735000e+003 -4.363146e-001
1.736000e+003 -1.711056e-002
1.737000e+003 3.990344e-001
1.738000e+003 7.223381e-001
1.739000e+003 8.806173e-001
1.740000e+003 8.391676e-001
1.741000e+003 6.116858e-001
1.742000e+003 2.596033e-001
1.743000e+003 -1.214444e-001
1.744000e+003 -4.236120e-001
1.745000e+003 -5.539475e-001
1.746000e+003 -4.577760e-001
1.747000e+003 -1.342481e-001
1.748000e+003 3.611814e-001
1.749000e+003 9.277892e-001
1.750000e+003 1.442354e+000
1.751000e+003 1.786953e+000
1.752000e+003 1.877443e+000
1.753000e+003 1.683532e+000
1.754000e+003 1.236923e+000
1.755000e+003 6.247859e-001
1.756000e+003 -2.913857e-002
1.757000e+003 -5.923975e-001
1.758000e+003 -9.536669e-001
1.759000e+003 -1.046815e+000
1.760000e+003 -8.652581e-001
1.761000e+003 -4.618515e-001
1.762000e+003 6.423426e-002
1.763000e+003 5.914731e-001
1.764000e+003 1.003510e+000
1.765000e+003 1.215325e+000
1.766000e+003 1.191004e+000
1.767000e+003 9.497331e-001
1.768000e+003 5.588104e-001
1.769000e+003 1.164368e-001
1.770000e+003 -2.719185e-001
1.771000e+003 -5.179592e-001
1.772000e+003 -5.690451e-001
1.773000e+003 -4.182410e-001
1.774000e+003 -1.031570e-001
1.775000e+003 3.049256e-001
1.776000e+003 7.189963e-001
1.777000e+003 1.055792e+000
1.778000e+003 1.253518e+000
1.779000e+003 1.282520e+000
1.780000e+003 1.148522e+000
1.781000e+003 8.873289e-001
1.782000e+003 5.540128e-001
1.783000e+003 2.088914e-001
1.784000e+003 -9.478103e-002
1.785000e+003 -3.202580e-001
1.786000e+003 -4.510303e-001
1.787000e+003 -4.891220e-001
1.788000e+003 -4.497631e-001
1.789000e+003 -3.542426e-001
1.790000e+003 -2.233541e-001
1.791000e+003 -7.323378e-002
1.792000e+003 8.534455e-002
1.793000e+003 2.452823e-001
1.794000e+003 3.994786e-001
1.795000e+003 5.378100e-001
1.796000e+003 6.455399e-001
1.797000e+003 7.044616e-001
1.798000e+003 6.965899e-001
1.799000e+003 6.090143e-001
1.800000e+003 4.391682e-001
1.801000e+003 1.975484e-001
1.802000e+003 -9.192905e-002
1.803000e+003 -3.956453e-001
1.804000e+003 -6.764331e-001
1.805000e+003 -9.007236e-001
1.806000e+003 -1.045680e+000
1.807000e+003 -1.102883e+000
1.808000e+003 -1.079078e+000
1.809000e+003 -9.926695e-001
1.810000e+003 -8.679147e-001
1.811000e+003 -7.274087e-001
1.812000e+003 -5.864747e-001
1.813000e+003 -4.497470e-001
1.814000e+003 -3.118519e-001
1.815000e+003 -1.617169e-001
1.816000e+003 1.116548e-002
1.817000e+003 2.101871e-001
1.818000e+003 4.269628e-001
1.819000e+003 6.406686e-001
1.820000e+003 8.215299e-001
1.821000e+003 9.380476e-001
1.822000e+003 9.658946e-001
1.823000e+003 8.962949e-001
1.824000e+003 7.407785e-001
1.825000e+003 5.312327e-001
1.826000e+003 3.140121e-001
1.827000e+003 1.398522e-001
1.828000e+003 5.160704e-002
1.829000e+003 7.295901e-002
1.830000e+003 2.014949e-001
1.831000e+003 4.076980e-001
1.832000e+003 6.413159e-001
1.833000e+003 8.425382e-001
1.834000e+003 9.571000e-001
1.835000e+003 9.494707e-001
1.836000e+003 8.127074e-001
1.837000e+003 5.705810e-001
1.838000e+003 2.724220e-001
1.839000e+003 -1.860812e-002
1.840000e+003 -2.413939e-001
1.841000e+003 -3.517111e-001
1.842000e+003 -3.333537e-001
1.843000e+003 -2.016567e-001
1.844000e+003 7.932484e-004
1.845000e+003 2.161644e-001
1.846000e+003 3.868705e-001
1.847000e+003 4.715334e-001
1.848000e+003 4.560611e-001
1.849000e+003 3.578025e-001
1.850000e+003 2.203477e-001
1.851000e+003 1.012415e-001
1.852000e+003 5.512366e-002
1.853000e+003 1.171596e-001
1.854000e+003 2.911399e-001
1.855000e+003 5.459858e-001
1.856000e+003 8.216553e-001
1.857000e+003 1.043937e+000
1.858000e+003 1.143447e+000
1.859000e+003 1.075173e+000
1.860000e+003 8.324787e-001
1.861000e+003 4.517734e-001
1.862000e+003 6.294608e-003
1.863000e+003 -4.099472e-001
1.864000e+003 -7.043583e-001
1.865000e+003 -8.092569e-001
1.866000e+003 -6.991400e-001
1.867000e+003 -3.991024e-001
1.868000e+003 1.970882e-002
1.869000e+003 4.557017e-001
1.870000e+003 8.012512e-001
1.871000e+003 9.683094e-001
1.872000e+003 9.107206e-001
1.873000e+003 6.362278e-001
1.874000e+003 2.056450e-001
1.875000e+003 -2.811734e-001
1.876000e+003 -7.089366e-001
1.877000e+003 -9.749262e-001
1.878000e+003 -1.014678e+000
1.879000e+003 -8.179489e-001
1.880000e+003 -4.324568e-001
1.881000e+003 4.674818e-002
1.882000e+003 4.992848e-001
1.883000e+003 8.082470e-001
1.884000e+003 8.874947e-001
1.885000e+003 7.026985e-001
1.886000e+003 2.796746e-001
1.887000e+003 -3.009980e-001
1.888000e+003 -9.224631e-001
1.889000e+003 -1.457428e+000
1.890000e+003 -1.796501e+000
1.891000e+003 -1.871678e+000
1.892000e+003 -1.669132e+000
1.893000e+003 -1.229884e+000
1.894000e+003 -6.378033e-001
1.895000e+003 1.047313e-003
1.896000e+003 5.831143e-001
1.897000e+003 1.028502e+000
1.898000e+003 1.295745e+000
1.899000e+003 1.385095e+000
1.900000e+003 1.332267e+000
1.901000e+003 1.193664e+000
1.902000e+003 1.028539e+000
1.903000e+003 8.827348e-001
1.904000e+003 7.785027e-001
1.905000e+003 7.124887e-001
1.906000e+003 6.618580e-001
1.907000e+003 5.964779e-001
1.908000e+003 4.923960e-001
1.909000e+003 3.429860e-001
1.910000e+003 1.637514e-001
1.911000e+003 -1.045026e-002
1.912000e+003 -1.354607e-001
1.913000e+003 -1.714906e-001
1.914000e+003 -9.713748e-002
1.915000e+003 8.135928e-002
1.916000e+003 3.282186e-001
1.917000e+003 5.848737e-001
1.918000e+003 7.840257e-001
1.919000e+003 8.672443e-001
1.920000e+003 8.015630e-001
1.921000e+003 5.901577e-001
1.922000e+003 2.741680e-001
1.923000e+003 -7.584733e-002
1.924000e+003 -3.764133e-001
1.925000e+003 -5.518351e-001
1.926000e+003 -5.541767e-001
1.927000e+003 -3.761286e-001
1.928000e+003 -5.456385e-002
1.929000e+003 3.378924e-001
1.930000e+003 7.103037e-001
1.931000e+003 9.763233e-001
1.932000e+003 1.075934e+000
1.933000e+003 9.913983e-001
1.934000e+003 7.519058e-001
1.935000e+003 4.263572e-001
1.936000e+003 1.053329e-001
1.937000e+003 -1.224737e-001
1.938000e+003 -1.944653e-001
1.939000e+003 -9.135178e-002
1.940000e+003 1.565560e-001
1.941000e+003 4.760388e-001
1.942000e+003 7.695113e-001
1.943000e+003 9.403588e-001
1.944000e+003 9.193378e-001
1.945000e+003 6.841444e-001
1.946000e+003 2.680280e-001
1.947000e+003 -2.463073e-001
1.948000e+003 -7.452664e-001
1.949000e+003 -1.112056e+000
1.950000e+003 -1.255654e+000
1.951000e+003 -1.134711e+000
1.952000e+003 -7.694712e-001
1.953000e+003 -2.389767e-001
1.954000e+003 3.369086e-001
1.955000e+003 8.248193e-001
1.956000e+003 1.110076e+000
1.957000e+003 1.124115e+000
1.958000e+003 8.612018e-001
1.959000e+003 3.796933e-001
1.960000e+003 -2.114574e-001
1.961000e+003 -7.794933e-001
1.962000e+003 -1.199759e+000
1.963000e+003 -1.384732e+000
1.964000e+003 -1.305380e+000
1.965000e+003 -9.962046e-001
1.966000e+003 -5.459450e-001
1.967000e+003 -7.383031e-002
1.968000e+003 3.005843e-001
1.969000e+003 4.872645e-001
1.970000e+003 4.486114e-001
1.971000e+003 2.078217e-001
1.972000e+003 -1.571431e-001
1.973000e+003 -5.344126e-001
1.974000e+003 -8.061904e-001
1.975000e+003 -8.794034e-001
1.976000e+003 -7.088045e-001
1.977000e+003 -3.084363e-001
1.978000e+003 2.514230e-001
1.979000e+003 8.619781e-001
1.980000e+003 1.402521e+000
1.981000e+003 1.769018e+000
1.982000e+003 1.899078e+000
1.983000e+003 1.785295e+000
1.984000e+003 1.474569e+000
1.985000e+003 1.054366e+000
1.986000e+003 6.289070e-001
1.987000e+003 2.921425e-001
1.988000e+003 1.047728e-001
1.989000e+003 7.978454e-002
1.990000e+003 1.822714e-001
1.991000e+003 3.412760e-001
1.992000e+003 4.718524e-001
1.993000e+003 5.000172e-001
1.994000e+003 3.852053e-001
1.995000e+003 1.330204e-001
1.996000e+003 -2.045531e-001
1.997000e+003 -5.415354e-001
1.998000e+003 -7.808759e-001
1.999000e+003 -8.404091e-001
2.000000e+003 -6.765165e-001
2.001000e+003 -2.985845e-001
2.002000e+003 2.300653e-001
2.003000e+003 8.041828e-001
2.004000e+003 1.300542e+000
2.005000e+003 1.606777e+000
2.006000e+003 1.648201e+000
2.007000e+003 1.407100e+000
2.008000e+003 9.283707e-001
2.009000e+003 3.104689e-001
2.010000e+003 -3.152841e-001
2.011000e+003 -8.150601e-001
2.012000e+003 -1.081710e+000
2.013000e+003 -1.058636e+000
2.014000e+003 -7.525908e-001
2.015000e+003 -2.309956e-001
2.016000e+003 3.931152e-001
2.017000e+003 9.872286e-001
2.018000e+003 1.428017e+000
2.019000e+003 1.627637e+000
2.020000e+003 1.551195e+000
2.021000e+003 1.221818e+000
2.022000e+003 7.125818e-001
2.023000e+003 1.285543e-001
2.024000e+003 -4.180090e-001
2.025000e+003 -8.315758e-001
2.026000e+003 -1.051942e+000
2.027000e+003 -1.064214e+000
2.028000e+003 -8.971763e-001
2.029000e+003 -6.127101e-001
2.030000e+003 -2.885471e-001
2.031000e+003 4.182458e-004
2.032000e+003 1.985970e-001
2.033000e+003 2.792217e-001
2.034000e+003 2.465155e-001
2.035000e+003 1.300781e-001
2.036000e+003 -2.600932e-002
2.037000e+003 -1.762889e-001
2.038000e+003 -2.852256e-001
2.039000e+003 -3.347096e-001
2.040000e+003 -3.261766e-001
2.041000e+003 -2.768413e-001
2.042000e+003 -2.126746e-001
2.043000e+003 -1.598130e-001
2.044000e+003 -1.369835e-001
2.045000e+003 -1.509039e-001
2.046000e+003 -1.958033e-001
